bte:BTH_I0001	ko:K06048
bte:BTH_I0003	ko:K15461
bte:BTH_I0004	ko:K03530
bte:BTH_I0007	ko:K02453
bte:BTH_I0008	ko:K02454
bte:BTH_I0009	ko:K02455
bte:BTH_I0010	ko:K02452
bte:BTH_I0011	ko:K02456
bte:BTH_I0012	ko:K02457
bte:BTH_I0013	ko:K02458
bte:BTH_I0014	ko:K02459
bte:BTH_I0015	ko:K02460
bte:BTH_I0016	ko:K02461
bte:BTH_I0017	ko:K02462
bte:BTH_I0018	ko:K02463
bte:BTH_I0019	ko:K18139
bte:BTH_I0022	ko:K03446
bte:BTH_I0024	ko:K06518
bte:BTH_I0026	ko:K02415
bte:BTH_I0027	ko:K02416
bte:BTH_I0028	ko:K02417
bte:BTH_I0029	ko:K02418
bte:BTH_I0030	ko:K02419
bte:BTH_I0031	ko:K02420
bte:BTH_I0032	ko:K02421
bte:BTH_I0035	ko:K15553
bte:BTH_I0036	ko:K15555
bte:BTH_I0037	ko:K15554
bte:BTH_I0038	ko:K07649
bte:BTH_I0039	ko:K07774
bte:BTH_I0041	ko:K07316
bte:BTH_I0042	ko:K01156
bte:BTH_I0045	ko:K01996
bte:BTH_I0046	ko:K01995
bte:BTH_I0047	ko:K01998
bte:BTH_I0048	ko:K01997
bte:BTH_I0049	ko:K01999
bte:BTH_I0050	ko:K00146
bte:BTH_I0051	ko:K06893
bte:BTH_I0055	ko:K10947
bte:BTH_I0058	ko:K02616
bte:BTH_I0060	ko:K00255
bte:BTH_I0061	ko:K00626
bte:BTH_I0062	ko:K01782
bte:BTH_I0064	ko:K01796
bte:BTH_I0071	ko:K03088
bte:BTH_I0072	ko:K03781
bte:BTH_I0076	ko:K03497
bte:BTH_I0077	ko:K07483
bte:BTH_I0081	ko:K00657
bte:BTH_I0085	ko:K10778
bte:BTH_I0086	ko:K01247
bte:BTH_I0087	ko:K01919
bte:BTH_I0088	ko:K03086
bte:BTH_I0120	ko:K14229
bte:BTH_I0123	ko:K00058
bte:BTH_I0125	ko:K03169
bte:BTH_I0127	ko:K04096
bte:BTH_I0128	ko:K01462
bte:BTH_I0129	ko:K00604
bte:BTH_I0131	ko:K03799
bte:BTH_I0132	ko:K03500
bte:BTH_I0134	ko:K13598
bte:BTH_I0135	ko:K13599
bte:BTH_I0136	ko:K14231
bte:BTH_I0137	ko:K06920
bte:BTH_I0138	ko:K10026
bte:BTH_I0139	ko:K01737
bte:BTH_I0140	ko:K01630
bte:BTH_I0142	ko:K05837
bte:BTH_I0143	ko:K05515
bte:BTH_I0144	ko:K03571
bte:BTH_I0145	ko:K03570
bte:BTH_I0146	ko:K03569
bte:BTH_I0147	ko:K02435
bte:BTH_I0148	ko:K02433
bte:BTH_I0149	ko:K02434
bte:BTH_I0151	ko:K01142
bte:BTH_I0152	ko:K13979
bte:BTH_I0155	ko:K08218
bte:BTH_I0157	ko:K00641
bte:BTH_I0158	ko:K05501
bte:BTH_I0160	ko:K00930
bte:BTH_I0162	ko:K15011
bte:BTH_I0163	ko:K15012
bte:BTH_I0164	ko:K03667
bte:BTH_I0165	ko:K01419
bte:BTH_I0166	ko:K06204
bte:BTH_I0169	ko:K06969
bte:BTH_I0170	ko:K03733
bte:BTH_I0171	ko:K09921
bte:BTH_I0172	ko:K01778
bte:BTH_I0173	ko:K02517
bte:BTH_I0174	ko:K00789
bte:BTH_I0178	ko:K19265
bte:BTH_I0181	ko:K08224
bte:BTH_I0185	ko:K01707
bte:BTH_I0186	ko:K13877
bte:BTH_I0187	ko:K03535
bte:BTH_I0189	ko:K01706
bte:BTH_I0190	ko:K01708
bte:BTH_I0191	ko:K18981
bte:BTH_I0192	ko:K00154
bte:BTH_I0193	ko:K09456
bte:BTH_I0195	ko:K02414
bte:BTH_I0196	ko:K02413
bte:BTH_I0197	ko:K02412
bte:BTH_I0198	ko:K02411
bte:BTH_I0199	ko:K02410
bte:BTH_I0200	ko:K02409
bte:BTH_I0201	ko:K02408
bte:BTH_I0202	ko:K02422
bte:BTH_I0203	ko:K02423
bte:BTH_I0205	ko:K04061
bte:BTH_I0206	ko:K09939
bte:BTH_I0207	ko:K07402
bte:BTH_I0208	ko:K03294
bte:BTH_I0209	ko:K07689
bte:BTH_I0211	ko:K00528
bte:BTH_I0212	ko:K05835
bte:BTH_I0220	ko:K12368
bte:BTH_I0221	ko:K12369
bte:BTH_I0222	ko:K12370
bte:BTH_I0223	ko:K12371
bte:BTH_I0224	ko:K12372
bte:BTH_I0225	ko:K09973
bte:BTH_I0228	ko:K07160
bte:BTH_I0229	ko:K23124
bte:BTH_I0230	ko:K23123
bte:BTH_I0232	ko:K01934
bte:BTH_I0233	ko:K08309
bte:BTH_I0235	ko:K00799
bte:BTH_I0236	ko:K00974
bte:BTH_I0237	ko:K02399
bte:BTH_I0238	ko:K02398
bte:BTH_I0239	ko:K02386
bte:BTH_I0240	ko:K02387
bte:BTH_I0241	ko:K02388
bte:BTH_I0242	ko:K02389
bte:BTH_I0243	ko:K02390
bte:BTH_I0244	ko:K02391
bte:BTH_I0245	ko:K02392
bte:BTH_I0246	ko:K02393
bte:BTH_I0247	ko:K02394
bte:BTH_I0248	ko:K02395
bte:BTH_I0249	ko:K21087
bte:BTH_I0250	ko:K02396
bte:BTH_I0251	ko:K02397
bte:BTH_I0252	ko:K09016
bte:BTH_I0253	ko:K03566
bte:BTH_I0254	ko:K07240
bte:BTH_I0255	ko:K07240
bte:BTH_I0257	ko:K06193
bte:BTH_I0263	ko:K07027
bte:BTH_I0267	ko:K07267
bte:BTH_I0272	ko:K00383
bte:BTH_I0274	ko:K02483
bte:BTH_I0279	ko:K01940
bte:BTH_I0282	ko:K07213
bte:BTH_I0283	ko:K01533
bte:BTH_I0284	ko:K03744
bte:BTH_I0285	ko:K06872
bte:BTH_I0288	ko:K00820
bte:BTH_I0289	ko:K04042
bte:BTH_I0290	ko:K14058
bte:BTH_I0291	ko:K01633
bte:BTH_I0298	ko:K00847
bte:BTH_I0299	ko:K29027
bte:BTH_I0301	ko:K05874
bte:BTH_I0302	ko:K14347
bte:BTH_I0307	ko:K00459
bte:BTH_I0308	ko:K01561
bte:BTH_I0309	ko:K03719
bte:BTH_I0311	ko:K06938
bte:BTH_I0313	ko:K01640
bte:BTH_I0314	ko:K12972
bte:BTH_I0315	ko:K06991
bte:BTH_I0316	ko:K07002
bte:BTH_I0317	ko:K01114
bte:BTH_I0319	ko:K26601
bte:BTH_I0320	ko:K26605
bte:BTH_I0321	ko:K26606
bte:BTH_I0323	ko:K01714
bte:BTH_I0325	ko:K02048
bte:BTH_I0327	ko:K08715
bte:BTH_I0328	ko:K04090
bte:BTH_I0329	ko:K24163
bte:BTH_I0332	ko:K01077
bte:BTH_I0333	ko:K01077
bte:BTH_I0336	ko:K06201
bte:BTH_I0337	ko:K01012
bte:BTH_I0338	ko:K01935
bte:BTH_I0339	ko:K00652
bte:BTH_I0340	ko:K00833
bte:BTH_I0342	ko:K09858
bte:BTH_I0344	ko:K00626
bte:BTH_I0345	ko:K01673
bte:BTH_I0346	ko:K00906
bte:BTH_I0349	ko:K12368
bte:BTH_I0353	ko:K03673
bte:BTH_I0355	ko:K01887
bte:BTH_I0357	ko:K00548
bte:BTH_I0358	ko:K00548
bte:BTH_I0362	ko:K16171
bte:BTH_I0365	ko:K07001
bte:BTH_I0367	ko:K21345
bte:BTH_I0369	ko:K03525
bte:BTH_I0370	ko:K03524
bte:BTH_I0372	ko:K01119
bte:BTH_I0373	ko:K02066
bte:BTH_I0374	ko:K02065
bte:BTH_I0375	ko:K02067
bte:BTH_I0376	ko:K18480
bte:BTH_I0379	ko:K07018
bte:BTH_I0380	ko:K07258
bte:BTH_I0381	ko:K00824
bte:BTH_I0382	ko:K09158
bte:BTH_I0383	ko:K03566
bte:BTH_I0385	ko:K03801
bte:BTH_I0386	ko:K03644
bte:BTH_I0389	ko:K00681
bte:BTH_I0393	ko:K07516
bte:BTH_I0395	ko:K28556
bte:BTH_I0398	ko:K14393
bte:BTH_I0399	ko:K11103
bte:BTH_I0400	ko:K10125
bte:BTH_I0401	ko:K10126
bte:BTH_I0405	ko:K07391
bte:BTH_I0406	ko:K09806
bte:BTH_I0407	ko:K04752
bte:BTH_I0408	ko:K03320
bte:BTH_I0409	ko:K01919
bte:BTH_I0410	ko:K01920
bte:BTH_I0411	ko:K02793
bte:BTH_I0412	ko:K02784
bte:BTH_I0413	ko:K08483
bte:BTH_I0414	ko:K21029
bte:BTH_I0415	ko:K03797
bte:BTH_I0416	ko:K01834
bte:BTH_I0418	ko:K03676
bte:BTH_I0419	ko:K03071
bte:BTH_I0420	ko:K00057
bte:BTH_I0421	ko:K23518
bte:BTH_I0422	ko:K03216
bte:BTH_I0424	ko:K02169
bte:BTH_I0426	ko:K02275
bte:BTH_I0427	ko:K02274
bte:BTH_I0428	ko:K02258
bte:BTH_I0430	ko:K02276
bte:BTH_I0432	ko:K14998
bte:BTH_I0434	ko:K02259
bte:BTH_I0435	ko:K02257
bte:BTH_I0436	ko:K07152
bte:BTH_I0438	ko:K03406
bte:BTH_I0439	ko:K02073
bte:BTH_I0440	ko:K01989
bte:BTH_I0441	ko:K05832
bte:BTH_I0442	ko:K05833
bte:BTH_I0443	ko:K14160
bte:BTH_I0444	ko:K14161
bte:BTH_I0445	ko:K14162
bte:BTH_I0446	ko:K24967
bte:BTH_I0447	ko:K01443
bte:BTH_I0448	ko:K00820
bte:BTH_I0449	ko:K23993
bte:BTH_I0450	ko:K02804
bte:BTH_I0451	ko:K12373
bte:BTH_I0452	ko:K00424
bte:BTH_I0453	ko:K00426
bte:BTH_I0454	ko:K00425
bte:BTH_I0456	ko:K03089
bte:BTH_I0457	ko:K12976
bte:BTH_I0459	ko:K01649
bte:BTH_I0462	ko:K00372
bte:BTH_I0463	ko:K26138
bte:BTH_I0464	ko:K26139
bte:BTH_I0465	ko:K01800
bte:BTH_I0466	ko:K03110
bte:BTH_I0468	ko:K08316
bte:BTH_I0469	ko:K00954
bte:BTH_I0471	ko:K00817
bte:BTH_I0472	ko:K01056
bte:BTH_I0473	ko:K02897
bte:BTH_I0474	ko:K00948
bte:BTH_I0475	ko:K14223
bte:BTH_I0476	ko:K00919
bte:BTH_I0477	ko:K02494
bte:BTH_I0479	ko:K10563
bte:BTH_I0480	ko:K03575
bte:BTH_I0481	ko:K07157
bte:BTH_I0482	ko:K06958
bte:BTH_I0483	ko:K06023
bte:BTH_I0484	ko:K02806
bte:BTH_I0485	ko:K05808
bte:BTH_I0486	ko:K03092
bte:BTH_I0487	ko:K06861
bte:BTH_I0488	ko:K09774
bte:BTH_I0489	ko:K11719
bte:BTH_I0490	ko:K03270
bte:BTH_I0491	ko:K06041
bte:BTH_I0492	ko:K03455
bte:BTH_I0493	ko:K00759
bte:BTH_I0496	ko:K01433
bte:BTH_I0498	ko:K03701
bte:BTH_I0500	ko:K03111
bte:BTH_I0505	ko:K07493
bte:BTH_I0517	ko:K24411
bte:BTH_I0520	ko:K03328
bte:BTH_I0522	ko:K16011
bte:BTH_I0528	ko:K01192
bte:BTH_I0531	ko:K00249
bte:BTH_I0536	ko:K01991
bte:BTH_I0543	ko:K05520
bte:BTH_I0546	ko:K06015
bte:BTH_I0548	ko:K06879
bte:BTH_I0549	ko:K01754
bte:BTH_I0553	ko:K03183
bte:BTH_I0555	ko:K03690
bte:BTH_I0556	ko:K03688
bte:BTH_I0560	ko:K01876
bte:BTH_I0561	ko:K08310
bte:BTH_I0562	ko:K06131
bte:BTH_I0564	ko:K20035
bte:BTH_I0565	ko:K07516
bte:BTH_I0566	ko:K00632
bte:BTH_I0569	ko:K02379
bte:BTH_I0571	ko:K10806
bte:BTH_I0572	ko:K24821
bte:BTH_I0573	ko:K00992
bte:BTH_I0574	ko:K07102
bte:BTH_I0575	ko:K04744
bte:BTH_I0576	ko:K03771
bte:BTH_I0577	ko:K00097
bte:BTH_I0578	ko:K02528
bte:BTH_I0580	ko:K01759
bte:BTH_I0582	ko:K00655
bte:BTH_I0583	ko:K03273
bte:BTH_I0584	ko:K01879
bte:BTH_I0585	ko:K01878
bte:BTH_I0586	ko:K03820
bte:BTH_I0587	ko:K06189
bte:BTH_I0588	ko:K07232
bte:BTH_I0589	ko:K07042
bte:BTH_I0590	ko:K06217
bte:BTH_I0591	ko:K06168
bte:BTH_I0593	ko:K19577
bte:BTH_I0595	ko:K02858
bte:BTH_I0598	ko:K02440
bte:BTH_I0599	ko:K00864
bte:BTH_I0600	ko:K00111
bte:BTH_I0603	ko:K02444
bte:BTH_I0604	ko:K00681
bte:BTH_I0607	ko:K11927
bte:BTH_I0610	ko:K07245
bte:BTH_I0611	ko:K01684
bte:BTH_I0617	ko:K08995
bte:BTH_I0618	ko:K03776
bte:BTH_I0620	ko:K06917
bte:BTH_I0621	ko:K02049
bte:BTH_I0622	ko:K02050
bte:BTH_I0624	ko:K07100
bte:BTH_I0625	ko:K00763
bte:BTH_I0626	ko:K07100
bte:BTH_I0628	ko:K11896
bte:BTH_I0631	ko:K01434
bte:BTH_I0632	ko:K18900
bte:BTH_I0639	ko:K14230
bte:BTH_I0642	ko:K02483
bte:BTH_I0643	ko:K03553
bte:BTH_I0644	ko:K03565
bte:BTH_I0646	ko:K01903
bte:BTH_I0647	ko:K01902
bte:BTH_I0649	ko:K02650
bte:BTH_I0652	ko:K03832
bte:BTH_I0653	ko:K03637
bte:BTH_I0654	ko:K01423
bte:BTH_I0656	ko:K07019
bte:BTH_I0658	ko:K02843
bte:BTH_I0660	ko:K00826
bte:BTH_I0661	ko:K26605
bte:BTH_I0662	ko:K26606
bte:BTH_I0663	ko:K00927
bte:BTH_I0664	ko:K00873
bte:BTH_I0665	ko:K01624
bte:BTH_I0666	ko:K01923
bte:BTH_I0667	ko:K01588
bte:BTH_I0668	ko:K01589
bte:BTH_I0669	ko:K07566
bte:BTH_I0672	ko:K07259
bte:BTH_I0673	ko:K02483
bte:BTH_I0674	ko:K02484
bte:BTH_I0675	ko:K04771
bte:BTH_I0679	ko:K03577
bte:BTH_I0680	ko:K03585
bte:BTH_I0681	ko:K18138
bte:BTH_I0682	ko:K18139
bte:BTH_I0683	ko:K24206
bte:BTH_I0684	ko:K00854
bte:BTH_I0686	ko:K00121
bte:BTH_I0687	ko:K01070
bte:BTH_I0688	ko:K02075
bte:BTH_I0689	ko:K02074
bte:BTH_I0690	ko:K02077
bte:BTH_I0691	ko:K09823
bte:BTH_I0692	ko:K21620
bte:BTH_I0693	ko:K00847
bte:BTH_I0694	ko:K16371
bte:BTH_I0695	ko:K10227
bte:BTH_I0696	ko:K10228
bte:BTH_I0697	ko:K10229
bte:BTH_I0699	ko:K10111
bte:BTH_I0702	ko:K00854
bte:BTH_I0703	ko:K00007
bte:BTH_I0705	ko:K01576
bte:BTH_I0706	ko:K00141
bte:BTH_I0707	ko:K00077
bte:BTH_I0708	ko:K08195
bte:BTH_I0709	ko:K00453
bte:BTH_I0710	ko:K01556
bte:BTH_I0711	ko:K07130
bte:BTH_I0712	ko:K03719
bte:BTH_I0714	ko:K07304
bte:BTH_I0716	ko:K00574
bte:BTH_I0717	ko:K00275
bte:BTH_I0718	ko:K22132
bte:BTH_I0719	ko:K05838
bte:BTH_I0721	ko:K15268
bte:BTH_I0722	ko:K01448
bte:BTH_I0723	ko:K06925
bte:BTH_I0724	ko:K18979
bte:BTH_I0725	ko:K00567
bte:BTH_I0726	ko:K04763
bte:BTH_I0727	ko:K01897
bte:BTH_I0729	ko:K08591
bte:BTH_I0730	ko:K09767
bte:BTH_I0731	ko:K00075
bte:BTH_I0732	ko:K00611
bte:BTH_I0734	ko:K07485
bte:BTH_I0735	ko:K02968
bte:BTH_I0736	ko:K03980
bte:BTH_I0739	ko:K00939
bte:BTH_I0740	ko:K00979
bte:BTH_I0741	ko:K09791
bte:BTH_I0742	ko:K00912
bte:BTH_I0743	ko:K03601
bte:BTH_I0744	ko:K04564
bte:BTH_I0746	ko:K07240
bte:BTH_I0747	ko:K10914
bte:BTH_I0749	ko:K00077
bte:BTH_I0753	ko:K01647
bte:BTH_I0754	ko:K24967
bte:BTH_I0756	ko:K02355
bte:BTH_I0757	ko:K09005
bte:BTH_I0758	ko:K06181
bte:BTH_I0759	ko:K00031
bte:BTH_I0761	ko:K03704
bte:BTH_I0762	ko:K06891
bte:BTH_I0763	ko:K03694
bte:BTH_I0764	ko:K03293
bte:BTH_I0767	ko:K01520
bte:BTH_I0768	ko:K13038
bte:BTH_I0769	ko:K03101
bte:BTH_I0770	ko:K01870
bte:BTH_I0771	ko:K11753
bte:BTH_I0772	ko:K11175
bte:BTH_I0773	ko:K03500
bte:BTH_I0775	ko:K00507
bte:BTH_I0776	ko:K03517
bte:BTH_I0777	ko:K00767
bte:BTH_I0778	ko:K00278
bte:BTH_I0779	ko:K02913
bte:BTH_I0780	ko:K02902
bte:BTH_I0781	ko:K03630
bte:BTH_I0782	ko:K03774
bte:BTH_I0783	ko:K03527
bte:BTH_I0785	ko:K01997
bte:BTH_I0786	ko:K01998
bte:BTH_I0787	ko:K01995
bte:BTH_I0788	ko:K01996
bte:BTH_I0791	ko:K00821
bte:BTH_I0792	ko:K00523
bte:BTH_I0795	ko:K06183
bte:BTH_I0796	ko:K07156
bte:BTH_I0803	ko:K01714
bte:BTH_I0804	ko:K01628
bte:BTH_I0811	ko:K11688
bte:BTH_I0812	ko:K02529
bte:BTH_I0813	ko:K13634
bte:BTH_I0814	ko:K00381
bte:BTH_I0816	ko:K00390
bte:BTH_I0817	ko:K00957
bte:BTH_I0818	ko:K00956
bte:BTH_I0819	ko:K02303
bte:BTH_I0820	ko:K03795
bte:BTH_I0821	ko:K11720
bte:BTH_I0822	ko:K07091
bte:BTH_I0823	ko:K01255
bte:BTH_I0824	ko:K02339
bte:BTH_I0826	ko:K08738
bte:BTH_I0827	ko:K01687
bte:BTH_I0829	ko:K13292
bte:BTH_I0832	ko:K09888
bte:BTH_I0834	ko:K16092
bte:BTH_I0835	ko:K02015
bte:BTH_I0836	ko:K02013
bte:BTH_I0837	ko:K00768
bte:BTH_I0838	ko:K02233
bte:BTH_I0839	ko:K02226
bte:BTH_I0840	ko:K02016
bte:BTH_I0841	ko:K02225
bte:BTH_I0842	ko:K02227
bte:BTH_I0843	ko:K02231
bte:BTH_I0844	ko:K02232
bte:BTH_I0845	ko:K15977
bte:BTH_I0846	ko:K03496
bte:BTH_I0847	ko:K01579
bte:BTH_I0848	ko:K01918
bte:BTH_I0849	ko:K05896
bte:BTH_I0851	ko:K07278
bte:BTH_I0852	ko:K09800
bte:BTH_I0856	ko:K01874
bte:BTH_I0858	ko:K03593
bte:BTH_I0859	ko:K04565
bte:BTH_I0860	ko:K01494
bte:BTH_I0861	ko:K01584
bte:BTH_I0864	ko:K01755
bte:BTH_I0865	ko:K07347
bte:BTH_I0866	ko:K07346
bte:BTH_I0867	ko:K27078
bte:BTH_I0868	ko:K27078
bte:BTH_I0871	ko:K01595
bte:BTH_I0872	ko:K01749
bte:BTH_I0873	ko:K13543
bte:BTH_I0874	ko:K02498
bte:BTH_I0876	ko:K00059
bte:BTH_I0877	ko:K00128
bte:BTH_I0878	ko:K01507
bte:BTH_I0879	ko:K07461
bte:BTH_I0881	ko:K09919
bte:BTH_I0882	ko:K01950
bte:BTH_I0883	ko:K04751
bte:BTH_I0887	ko:K10017
bte:BTH_I0888	ko:K10015
bte:BTH_I0889	ko:K10016
bte:BTH_I0890	ko:K10014
bte:BTH_I0891	ko:K06911
bte:BTH_I0893	ko:K07659
bte:BTH_I0894	ko:K07638
bte:BTH_I0896	ko:K02050
bte:BTH_I0897	ko:K02049
bte:BTH_I0900	ko:K00697
bte:BTH_I0903	ko:K08169
bte:BTH_I0907	ko:K08276
bte:BTH_I0908	ko:K07262
bte:BTH_I0913	ko:K17680
bte:BTH_I0916	ko:K07485
bte:BTH_I0925	ko:K01185
bte:BTH_I0926	ko:K07493
bte:BTH_I0929	ko:K14219
bte:BTH_I0933	ko:K06992
bte:BTH_I0939	ko:K15738
bte:BTH_I0940	ko:K02622
bte:BTH_I0941	ko:K02621
bte:BTH_I0947	ko:K07240
bte:BTH_I0951	ko:K05825
bte:BTH_I0955	ko:K04079
bte:BTH_I0956	ko:K03181
bte:BTH_I0960	ko:K03307
bte:BTH_I0961	ko:K04750
bte:BTH_I0962	ko:K00616
bte:BTH_I0963	ko:K05782
bte:BTH_I0964	ko:K09989
bte:BTH_I0970	ko:K10773
bte:BTH_I0971	ko:K03616
bte:BTH_I0973	ko:K05973
bte:BTH_I0975	ko:K07404
bte:BTH_I0976	ko:K03466
bte:BTH_I0979	ko:K08289
bte:BTH_I0981	ko:K11927
bte:BTH_I0982	ko:K01894
bte:BTH_I0983	ko:K07146
bte:BTH_I0984	ko:K02337
bte:BTH_I0985	ko:K11085
bte:BTH_I0990	ko:K02849
bte:BTH_I0997	ko:K03088
bte:BTH_I1007	ko:K16345
bte:BTH_I1008	ko:K08301
bte:BTH_I1009	ko:K06287
bte:BTH_I1010	ko:K00783
bte:BTH_I1011	ko:K09710
bte:BTH_I1012	ko:K00969
bte:BTH_I1013	ko:K00228
bte:BTH_I1014	ko:K01945
bte:BTH_I1016	ko:K00761
bte:BTH_I1017	ko:K00059
bte:BTH_I1018	ko:K01734
bte:BTH_I1019	ko:K00344
bte:BTH_I1021	ko:K01546
bte:BTH_I1022	ko:K01547
bte:BTH_I1023	ko:K01548
bte:BTH_I1024	ko:K07646
bte:BTH_I1025	ko:K07667
bte:BTH_I1026	ko:K09712
bte:BTH_I1027	ko:K11741
bte:BTH_I1029	ko:K02004
bte:BTH_I1030	ko:K06886
bte:BTH_I1032	ko:K01426
bte:BTH_I1038	ko:K00901
bte:BTH_I1039	ko:K27597
bte:BTH_I1044	ko:K03088
bte:BTH_I1045	ko:K01652
bte:BTH_I1046	ko:K01653
bte:BTH_I1047	ko:K00053
bte:BTH_I1048	ko:K01613
bte:BTH_I1049	ko:K17103
bte:BTH_I1050	ko:K01649
bte:BTH_I1052	ko:K01673
bte:BTH_I1054	ko:K01999
bte:BTH_I1055	ko:K02956
bte:BTH_I1056	ko:K00962
bte:BTH_I1058	ko:K01803
bte:BTH_I1059	ko:K03075
bte:BTH_I1060	ko:K14228
bte:BTH_I1061	ko:K00330
bte:BTH_I1062	ko:K00331
bte:BTH_I1063	ko:K00332
bte:BTH_I1064	ko:K00333
bte:BTH_I1065	ko:K00334
bte:BTH_I1066	ko:K00335
bte:BTH_I1067	ko:K00336
bte:BTH_I1068	ko:K00337
bte:BTH_I1069	ko:K00338
bte:BTH_I1070	ko:K00339
bte:BTH_I1071	ko:K00340
bte:BTH_I1072	ko:K00341
bte:BTH_I1073	ko:K00342
bte:BTH_I1074	ko:K00343
bte:BTH_I1076	ko:K01515
bte:BTH_I1078	ko:K04118
bte:BTH_I1079	ko:K28556
bte:BTH_I1083	ko:K00249
bte:BTH_I1087	ko:K00799
bte:BTH_I1088	ko:K14287
bte:BTH_I1090	ko:K09861
bte:BTH_I1096	ko:K01977
bte:BTH_I1097	ko:K14227
bte:BTH_I1098	ko:K14218
bte:BTH_I1099	ko:K01980
bte:BTH_I1100	ko:K01985
bte:BTH_I1101	ko:K07483
bte:BTH_I1102	ko:K07484
bte:BTH_I1103	ko:K07493
bte:BTH_I1106	ko:K01897
bte:BTH_I1108	ko:K06134
bte:BTH_I1109	ko:K03925
bte:BTH_I1110	ko:K03438
bte:BTH_I1111	ko:K03586
bte:BTH_I1112	ko:K03587
bte:BTH_I1113	ko:K01928
bte:BTH_I1114	ko:K01929
bte:BTH_I1115	ko:K01000
bte:BTH_I1116	ko:K01925
bte:BTH_I1117	ko:K03588
bte:BTH_I1118	ko:K02563
bte:BTH_I1119	ko:K01924
bte:BTH_I1120	ko:K01921
bte:BTH_I1121	ko:K03589
bte:BTH_I1122	ko:K03590
bte:BTH_I1123	ko:K03531
bte:BTH_I1124	ko:K24138
bte:BTH_I1125	ko:K02535
bte:BTH_I1127	ko:K03070
bte:BTH_I1128	ko:K00620
bte:BTH_I1129	ko:K06923
bte:BTH_I1130	ko:K03574
bte:BTH_I1131	ko:K09862
bte:BTH_I1132	ko:K18778
bte:BTH_I1133	ko:K00859
bte:BTH_I1134	ko:K02654
bte:BTH_I1135	ko:K02653
bte:BTH_I1136	ko:K02652
bte:BTH_I1137	ko:K03699
bte:BTH_I1138	ko:K14232
bte:BTH_I1139	ko:K02523
bte:BTH_I1140	ko:K02888
bte:BTH_I1141	ko:K02899
bte:BTH_I1142	ko:K03979
bte:BTH_I1143	ko:K00931
bte:BTH_I1145	ko:K08311
bte:BTH_I1146	ko:K01881
bte:BTH_I1148	ko:K00760
bte:BTH_I1149	ko:K03106
bte:BTH_I1151	ko:K06950
bte:BTH_I1152	ko:K03806
bte:BTH_I1153	ko:K00525
bte:BTH_I1154	ko:K00526
bte:BTH_I1157	ko:K06077
bte:BTH_I1158	ko:K00856
bte:BTH_I1159	ko:K11065
bte:BTH_I1161	ko:K02687
bte:BTH_I1162	ko:K01961
bte:BTH_I1163	ko:K02160
bte:BTH_I1164	ko:K03786
bte:BTH_I1168	ko:K02558
bte:BTH_I1169	ko:K07000
bte:BTH_I1170	ko:K01147
bte:BTH_I1171	ko:K00014
bte:BTH_I1172	ko:K03814
bte:BTH_I1176	ko:K00883
bte:BTH_I1177	ko:K01631
bte:BTH_I1179	ko:K10537
bte:BTH_I1180	ko:K10539
bte:BTH_I1181	ko:K10538
bte:BTH_I1182	ko:K22185
bte:BTH_I1183	ko:K01785
bte:BTH_I1184	ko:K01591
bte:BTH_I1186	ko:K03743
bte:BTH_I1187	ko:K01095
bte:BTH_I1188	ko:K00946
bte:BTH_I1189	ko:K00029
bte:BTH_I1190	ko:K01167
bte:BTH_I1192	ko:K09761
bte:BTH_I1194	ko:K00797
bte:BTH_I1195	ko:K00615
bte:BTH_I1196	ko:K00134
bte:BTH_I1198	ko:K01725
bte:BTH_I1199	ko:K01673
bte:BTH_I1200	ko:K11921
bte:BTH_I1203	ko:K11103
bte:BTH_I1204	ko:K01477
bte:BTH_I1205	ko:K01483
bte:BTH_I1206	ko:K03711
bte:BTH_I1207	ko:K06186
bte:BTH_I1208	ko:K00215
bte:BTH_I1209	ko:K03561
bte:BTH_I1210	ko:K03559
bte:BTH_I1211	ko:K01869
bte:BTH_I1212	ko:K03643
bte:BTH_I1213	ko:K02340
bte:BTH_I1214	ko:K00147
bte:BTH_I1215	ko:K08973
bte:BTH_I1216	ko:K19337
bte:BTH_I1217	ko:K01690
bte:BTH_I1218	ko:K01625
bte:BTH_I1219	ko:K03299
bte:BTH_I1220	ko:K00851
bte:BTH_I1221	ko:K01756
bte:BTH_I1222	ko:K02575
bte:BTH_I1223	ko:K21645
bte:BTH_I1224	ko:K00261
bte:BTH_I1225	ko:K10001
bte:BTH_I1226	ko:K10003
bte:BTH_I1227	ko:K10002
bte:BTH_I1228	ko:K10004
bte:BTH_I1230	ko:K01465
bte:BTH_I1232	ko:K07397
bte:BTH_I1233	ko:K02871
bte:BTH_I1234	ko:K02996
bte:BTH_I1235	ko:K15724
bte:BTH_I1237	ko:K11209
bte:BTH_I1238	ko:K11209
bte:BTH_I1239	ko:K09001
bte:BTH_I1240	ko:K01866
bte:BTH_I1242	ko:K07560
bte:BTH_I1243	ko:K15634
bte:BTH_I1247	ko:K03551
bte:BTH_I1248	ko:K03550
bte:BTH_I1249	ko:K01159
bte:BTH_I1250	ko:K00602
bte:BTH_I1251	ko:K03557
bte:BTH_I1252	ko:K05540
bte:BTH_I1253	ko:K03185
bte:BTH_I1254	ko:K01262
bte:BTH_I1257	ko:K00566
bte:BTH_I1259	ko:K00324
bte:BTH_I1260	ko:K00324
bte:BTH_I1261	ko:K00325
bte:BTH_I1263	ko:K06996
bte:BTH_I1265	ko:K25137
bte:BTH_I1267	ko:K09857
bte:BTH_I1268	ko:K06192
bte:BTH_I1269	ko:K03808
bte:BTH_I1270	ko:K03808
bte:BTH_I1275	ko:K03074
bte:BTH_I1276	ko:K03072
bte:BTH_I1277	ko:K03210
bte:BTH_I1278	ko:K00773
bte:BTH_I1279	ko:K07568
bte:BTH_I1280	ko:K03655
bte:BTH_I1281	ko:K04761
bte:BTH_I1282	ko:K03782
bte:BTH_I1284	ko:K04047
bte:BTH_I1286	ko:K03179
bte:BTH_I1287	ko:K00286
bte:BTH_I1288	ko:K06997
bte:BTH_I1289	ko:K11473
bte:BTH_I1290	ko:K11472
bte:BTH_I1291	ko:K00104
bte:BTH_I1292	ko:K00102
bte:BTH_I1293	ko:K00798
bte:BTH_I1294	ko:K05916
bte:BTH_I1295	ko:K01626
bte:BTH_I1296	ko:K03568
bte:BTH_I1297	ko:K11206
bte:BTH_I1299	ko:K00982
bte:BTH_I1300	ko:K03631
bte:BTH_I1301	ko:K00858
bte:BTH_I1302	ko:K03705
bte:BTH_I1303	ko:K01772
bte:BTH_I1304	ko:K04762
bte:BTH_I1306	ko:K03687
bte:BTH_I1308	ko:K04043
bte:BTH_I1309	ko:K03686
bte:BTH_I1310	ko:K03342
bte:BTH_I1311	ko:K00606
bte:BTH_I1313	ko:K00950
bte:BTH_I1314	ko:K00970
bte:BTH_I1315	ko:K28842
bte:BTH_I1316	ko:K10763
bte:BTH_I1317	ko:K01933
bte:BTH_I1319	ko:K00791
bte:BTH_I1320	ko:K03572
bte:BTH_I1321	ko:K03975
bte:BTH_I1322	ko:K03442
bte:BTH_I1324	ko:K16011
bte:BTH_I1325	ko:K07266
bte:BTH_I1327	ko:K01991
bte:BTH_I1331	ko:K01711
bte:BTH_I1332	ko:K22252
bte:BTH_I1335	ko:K09689
bte:BTH_I1336	ko:K09688
bte:BTH_I1337	ko:K10107
bte:BTH_I1338	ko:K07265
bte:BTH_I1342	ko:K02535
bte:BTH_I1352	ko:K01991
bte:BTH_I1353	ko:K25307
bte:BTH_I1354	ko:K16692
bte:BTH_I1356	ko:K07265
bte:BTH_I1357	ko:K03819
bte:BTH_I1360	ko:K01627
bte:BTH_I1361	ko:K03270
bte:BTH_I1362	ko:K06041
bte:BTH_I1363	ko:K00963
bte:BTH_I1364	ko:K02403
bte:BTH_I1366	ko:K00318
bte:BTH_I1370	ko:K14229
bte:BTH_I1372	ko:K03640
bte:BTH_I1373	ko:K03641
bte:BTH_I1374	ko:K03646
bte:BTH_I1375	ko:K03560
bte:BTH_I1376	ko:K03562
bte:BTH_I1377	ko:K07107
bte:BTH_I1378	ko:K16066
bte:BTH_I1379	ko:K00600
bte:BTH_I1380	ko:K07738
bte:BTH_I1381	ko:K08084
bte:BTH_I1382	ko:K02672
bte:BTH_I1384	ko:K02655
bte:BTH_I1388	ko:K24158
bte:BTH_I1390	ko:K00252
bte:BTH_I1395	ko:K05712
bte:BTH_I1396	ko:K08195
bte:BTH_I1397	ko:K00451
bte:BTH_I1398	ko:K01555
bte:BTH_I1400	ko:K19577
bte:BTH_I1401	ko:K04719
bte:BTH_I1402	ko:K03778
bte:BTH_I1405	ko:K07506
bte:BTH_I1408	ko:K13481
bte:BTH_I1409	ko:K13482
bte:BTH_I1410	ko:K02020
bte:BTH_I1412	ko:K02014
bte:BTH_I1413	ko:K02013
bte:BTH_I1414	ko:K02016
bte:BTH_I1415	ko:K02015
bte:BTH_I1420	ko:K07518
bte:BTH_I1422	ko:K07090
bte:BTH_I1425	ko:K01126
bte:BTH_I1433	ko:K07275
bte:BTH_I1439	ko:K07484
bte:BTH_I1440	ko:K07484
bte:BTH_I1441	ko:K07483
bte:BTH_I1443	ko:K03657
bte:BTH_I1445	ko:K07483
bte:BTH_I1446	ko:K07484
bte:BTH_I1447	ko:K07484
bte:BTH_I1448	ko:K07484
bte:BTH_I1449	ko:K07484
bte:BTH_I1450	ko:K07484
bte:BTH_I1451	ko:K07484
bte:BTH_I1452	ko:K07483
bte:BTH_I1453	ko:K07497
bte:BTH_I1454	ko:K07483
bte:BTH_I1457	ko:K04078
bte:BTH_I1458	ko:K04077
bte:BTH_I1459	ko:K00941
bte:BTH_I1462	ko:K07735
bte:BTH_I1463	ko:K07447
bte:BTH_I1464	ko:K02825
bte:BTH_I1465	ko:K00609
bte:BTH_I1466	ko:K01465
bte:BTH_I1467	ko:K00655
bte:BTH_I1468	ko:K01525
bte:BTH_I1469	ko:K01710
bte:BTH_I1470	ko:K00973
bte:BTH_I1471	ko:K01790
bte:BTH_I1472	ko:K00067
bte:BTH_I1473	ko:K09690
bte:BTH_I1474	ko:K09691
bte:BTH_I1476	ko:K17947
bte:BTH_I1485	ko:K01784
bte:BTH_I1488	ko:K03328
bte:BTH_I1489	ko:K15778
bte:BTH_I1490	ko:K02841
bte:BTH_I1492	ko:K02527
bte:BTH_I1493	ko:K03189
bte:BTH_I1494	ko:K03188
bte:BTH_I1495	ko:K03187
bte:BTH_I1496	ko:K01428
bte:BTH_I1497	ko:K01429
bte:BTH_I1498	ko:K01430
bte:BTH_I1499	ko:K03190
bte:BTH_I1500	ko:K11963
bte:BTH_I1501	ko:K11962
bte:BTH_I1502	ko:K11961
bte:BTH_I1503	ko:K11960
bte:BTH_I1504	ko:K11959
bte:BTH_I1505	ko:K00822
bte:BTH_I1507	ko:K00573
bte:BTH_I1509	ko:K02495
bte:BTH_I1510	ko:K06940
bte:BTH_I1512	ko:K06153
bte:BTH_I1513	ko:K03439
bte:BTH_I1514	ko:K14225
bte:BTH_I1516	ko:K00344
bte:BTH_I1520	ko:K06199
bte:BTH_I1521	ko:K09137
bte:BTH_I1522	ko:K02221
bte:BTH_I1524	ko:K22589
bte:BTH_I1526	ko:K03182
bte:BTH_I1529	ko:K03625
bte:BTH_I1530	ko:K00794
bte:BTH_I1531	ko:K14652
bte:BTH_I1535	ko:K07485
bte:BTH_I1536	ko:K07497
bte:BTH_I1537	ko:K07483
bte:BTH_I1540	ko:K07341
bte:BTH_I1541	ko:K00793
bte:BTH_I1542	ko:K11752
bte:BTH_I1543	ko:K01845
bte:BTH_I1546	ko:K07552
bte:BTH_I1547	ko:K10010
bte:BTH_I1548	ko:K10009
bte:BTH_I1549	ko:K02424
bte:BTH_I1550	ko:K00845
bte:BTH_I1551	ko:K01057
bte:BTH_I1552	ko:K00036
bte:BTH_I1553	ko:K17315
bte:BTH_I1554	ko:K17316
bte:BTH_I1555	ko:K17317
bte:BTH_I1556	ko:K10112
bte:BTH_I1560	ko:K00384
bte:BTH_I1561	ko:K03466
bte:BTH_I1562	ko:K03634
bte:BTH_I1563	ko:K07478
bte:BTH_I1565	ko:K01875
bte:BTH_I1566	ko:K14233
bte:BTH_I1569	ko:K03610
bte:BTH_I1570	ko:K03609
bte:BTH_I1571	ko:K03608
bte:BTH_I1573	ko:K03281
bte:BTH_I1574	ko:K02841
bte:BTH_I1577	ko:K03832
bte:BTH_I1581	ko:K14233
bte:BTH_I1583	ko:K01519
bte:BTH_I1584	ko:K00989
bte:BTH_I1586	ko:K00942
bte:BTH_I1587	ko:K03060
bte:BTH_I1588	ko:K01139
bte:BTH_I1589	ko:K14219
bte:BTH_I1590	ko:K14219
bte:BTH_I1591	ko:K04760
bte:BTH_I1592	ko:K03285
bte:BTH_I1594	ko:K03704
bte:BTH_I1595	ko:K02342
bte:BTH_I1596	ko:K04093
bte:BTH_I1598	ko:K02014
bte:BTH_I1602	ko:K14234
bte:BTH_I1604	ko:K03841
bte:BTH_I1605	ko:K03576
bte:BTH_I1606	ko:K00549
bte:BTH_I1608	ko:K01256
bte:BTH_I1609	ko:K23541
bte:BTH_I1610	ko:K01487
bte:BTH_I1611	ko:K06901
bte:BTH_I1612	ko:K21053
bte:BTH_I1613	ko:K07402
bte:BTH_I1614	ko:K03611
bte:BTH_I1615	ko:K02433
bte:BTH_I1621	ko:K00126
bte:BTH_I1622	ko:K00123
bte:BTH_I1623	ko:K00124
bte:BTH_I1624	ko:K00127
bte:BTH_I1627	ko:K00570
bte:BTH_I1628	ko:K15035
bte:BTH_I1629	ko:K22292
bte:BTH_I1630	ko:K00568
bte:BTH_I1631	ko:K03286
bte:BTH_I1632	ko:K02469
bte:BTH_I1633	ko:K09924
bte:BTH_I1634	ko:K00831
bte:BTH_I1635	ko:K14170
bte:BTH_I1636	ko:K00800
bte:BTH_I1637	ko:K00945
bte:BTH_I1638	ko:K02945
bte:BTH_I1639	ko:K05788
bte:BTH_I1640	ko:K08992
bte:BTH_I1641	ko:K19804
bte:BTH_I1642	ko:K00012
bte:BTH_I1643	ko:K21344
bte:BTH_I1644	ko:K03274
bte:BTH_I1645	ko:K02237
bte:BTH_I1646	ko:K12339
bte:BTH_I1647	ko:K08305
bte:BTH_I1649	ko:K01054
bte:BTH_I1650	ko:K02071
bte:BTH_I1651	ko:K02072
bte:BTH_I1652	ko:K02073
bte:BTH_I1653	ko:K03521
bte:BTH_I1654	ko:K03522
bte:BTH_I1655	ko:K20035
bte:BTH_I1656	ko:K00285
bte:BTH_I1657	ko:K03719
bte:BTH_I1661	ko:K02959
bte:BTH_I1662	ko:K02860
bte:BTH_I1663	ko:K00554
bte:BTH_I1664	ko:K02884
bte:BTH_I1666	ko:K02227
bte:BTH_I1668	ko:K06949
bte:BTH_I1669	ko:K06013
bte:BTH_I1670	ko:K13288
bte:BTH_I1671	ko:K03831
bte:BTH_I1672	ko:K09889
bte:BTH_I1673	ko:K03592
bte:BTH_I1674	ko:K00287
bte:BTH_I1680	ko:K00560
bte:BTH_I1685	ko:K01679
bte:BTH_I1686	ko:K26939
bte:BTH_I1687	ko:K14761
bte:BTH_I1690	ko:K26606
bte:BTH_I1691	ko:K26605
bte:BTH_I1693	ko:K05805
bte:BTH_I1694	ko:K14220
bte:BTH_I1695	ko:K14220
bte:BTH_I1696	ko:K05524
bte:BTH_I1697	ko:K00763
bte:BTH_I1698	ko:K00782
bte:BTH_I1700	ko:K00090
bte:BTH_I1701	ko:K09760
bte:BTH_I1704	ko:K03750
bte:BTH_I1705	ko:K03752
bte:BTH_I1706	ko:K03639
bte:BTH_I1707	ko:K08300
bte:BTH_I1708	ko:K06179
bte:BTH_I1709	ko:K01091
bte:BTH_I1711	ko:K04773
bte:BTH_I1712	ko:K07056
bte:BTH_I1713	ko:K25422
bte:BTH_I1714	ko:K07040
bte:BTH_I1715	ko:K02911
bte:BTH_I1716	ko:K03621
bte:BTH_I1717	ko:K00648
bte:BTH_I1718	ko:K00645
bte:BTH_I1719	ko:K00059
bte:BTH_I1720	ko:K02078
bte:BTH_I1721	ko:K09458
bte:BTH_I1723	ko:K03088
bte:BTH_I1724	ko:K03597
bte:BTH_I1725	ko:K03598
bte:BTH_I1726	ko:K04771
bte:BTH_I1728	ko:K03596
bte:BTH_I1729	ko:K03100
bte:BTH_I1730	ko:K03685
bte:BTH_I1731	ko:K03595
bte:BTH_I1732	ko:K03584
bte:BTH_I1733	ko:K03474
bte:BTH_I1734	ko:K00997
bte:BTH_I1735	ko:K01207
bte:BTH_I1737	ko:K02356
bte:BTH_I1739	ko:K03703
bte:BTH_I1740	ko:K00995
bte:BTH_I1741	ko:K14225
bte:BTH_I1742	ko:K14225
bte:BTH_I1743	ko:K14222
bte:BTH_I1744	ko:K07493
bte:BTH_I1745	ko:K08968
bte:BTH_I1747	ko:K06911
bte:BTH_I1748	ko:K02348
bte:BTH_I1749	ko:K02351
bte:BTH_I1750	ko:K09796
bte:BTH_I1751	ko:K07152
bte:BTH_I1752	ko:K01087
bte:BTH_I1753	ko:K00697
bte:BTH_I1756	ko:K06147
bte:BTH_I1759	ko:K08983
bte:BTH_I1761	ko:K01999
bte:BTH_I1762	ko:K01114
bte:BTH_I1763	ko:K00868
bte:BTH_I1771	ko:K10016
bte:BTH_I1772	ko:K10015
bte:BTH_I1773	ko:K10017
bte:BTH_I1774	ko:K21825
bte:BTH_I1775	ko:K00840
bte:BTH_I1776	ko:K00673
bte:BTH_I1777	ko:K00673
bte:BTH_I1778	ko:K06447
bte:BTH_I1779	ko:K01484
bte:BTH_I1780	ko:K05526
bte:BTH_I1781	ko:K00799
bte:BTH_I1783	ko:K10013
bte:BTH_I1784	ko:K10255
bte:BTH_I1785	ko:K02300
bte:BTH_I1786	ko:K02299
bte:BTH_I1787	ko:K02298
bte:BTH_I1788	ko:K02297
bte:BTH_I1789	ko:K07216
bte:BTH_I1790	ko:K13771
bte:BTH_I1793	ko:K04488
bte:BTH_I1794	ko:K11717
bte:BTH_I1795	ko:K09015
bte:BTH_I1796	ko:K09013
bte:BTH_I1797	ko:K09014
bte:BTH_I1798	ko:K07234
bte:BTH_I1799	ko:K03406
bte:BTH_I1800	ko:K02495
bte:BTH_I1801	ko:K21563
bte:BTH_I1803	ko:K00459
bte:BTH_I1804	ko:K24844
bte:BTH_I1805	ko:K24845
bte:BTH_I1806	ko:K24843
bte:BTH_I1809	ko:K21636
bte:BTH_I1813	ko:K04561
bte:BTH_I1814	ko:K00496
bte:BTH_I1815	ko:K01669
bte:BTH_I1816	ko:K00860
bte:BTH_I1819	ko:K06133
bte:BTH_I1820	ko:K01745
bte:BTH_I1821	ko:K05836
bte:BTH_I1822	ko:K01712
bte:BTH_I1823	ko:K09975
bte:BTH_I1824	ko:K01468
bte:BTH_I1825	ko:K05603
bte:BTH_I1826	ko:K01458
bte:BTH_I1827	ko:K07010
bte:BTH_I1828	ko:K01915
bte:BTH_I1829	ko:K12256
bte:BTH_I1831	ko:K14237
bte:BTH_I1837	ko:K14682
bte:BTH_I1838	ko:K03578
bte:BTH_I1844	ko:K01915
bte:BTH_I1845	ko:K07708
bte:BTH_I1846	ko:K07712
bte:BTH_I1847	ko:K01142
bte:BTH_I1849	ko:K07684
bte:BTH_I1850	ko:K07673
bte:BTH_I1851	ko:K00374
bte:BTH_I1852	ko:K00373
bte:BTH_I1853	ko:K00371
bte:BTH_I1854	ko:K00370
bte:BTH_I1855	ko:K02575
bte:BTH_I1856	ko:K02575
bte:BTH_I1857	ko:K14230
bte:BTH_I1859	ko:K02346
bte:BTH_I1860	ko:K01414
bte:BTH_I1861	ko:K01491
bte:BTH_I1864	ko:K00163
bte:BTH_I1865	ko:K00627
bte:BTH_I1866	ko:K00382
bte:BTH_I1868	ko:K07262
bte:BTH_I1870	ko:K18928
bte:BTH_I1871	ko:K18929
bte:BTH_I1873	ko:K25307
bte:BTH_I1874	ko:K13643
bte:BTH_I1875	ko:K04487
bte:BTH_I1876	ko:K04488
bte:BTH_I1877	ko:K13628
bte:BTH_I1878	ko:K04082
bte:BTH_I1879	ko:K04044
bte:BTH_I1880	ko:K04755
bte:BTH_I1883	ko:K04567
bte:BTH_I1884	ko:K02836
bte:BTH_I1885	ko:K07462
bte:BTH_I1887	ko:K09808
bte:BTH_I1888	ko:K09810
bte:BTH_I1889	ko:K03424
bte:BTH_I1890	ko:K02238
bte:BTH_I1892	ko:K01937
bte:BTH_I1893	ko:K01627
bte:BTH_I1894	ko:K01689
bte:BTH_I1895	ko:K05589
bte:BTH_I1897	ko:K04083
bte:BTH_I1898	ko:K28956
bte:BTH_I1901	ko:K07053
bte:BTH_I1904	ko:K01867
bte:BTH_I1906	ko:K01714
bte:BTH_I1907	ko:K07287
bte:BTH_I1910	ko:K18850
bte:BTH_I1911	ko:K03775
bte:BTH_I1913	ko:K03555
bte:BTH_I1915	ko:K07733
bte:BTH_I1918	ko:K06905
bte:BTH_I1920	ko:K01185
bte:BTH_I1923	ko:K06223
bte:BTH_I1930	ko:K07497
bte:BTH_I1931	ko:K07483
bte:BTH_I1934	ko:K01092
bte:BTH_I1935	ko:K02533
bte:BTH_I1936	ko:K00640
bte:BTH_I1937	ko:K03269
bte:BTH_I1938	ko:K03768
bte:BTH_I1939	ko:K03767
bte:BTH_I1941	ko:K01883
bte:BTH_I1942	ko:K01247
bte:BTH_I1943	ko:K01962
bte:BTH_I1944	ko:K04075
bte:BTH_I1945	ko:K00928
bte:BTH_I1946	ko:K14233
bte:BTH_I1948	ko:K12686
bte:BTH_I1950	ko:K07788
bte:BTH_I1951	ko:K07799
bte:BTH_I1952	ko:K00860
bte:BTH_I1962	ko:K00615
bte:BTH_I1963	ko:K00615
bte:BTH_I1966	ko:K00831
bte:BTH_I1968	ko:K00957
bte:BTH_I1971	ko:K01755
bte:BTH_I1973	ko:K01265
bte:BTH_I1974	ko:K16137
bte:BTH_I1977	ko:K00208
bte:BTH_I1978	ko:K13893
bte:BTH_I1979	ko:K13894
bte:BTH_I1980	ko:K13895
bte:BTH_I1981	ko:K13896
bte:BTH_I1983	ko:K07001
bte:BTH_I1984	ko:K01885
bte:BTH_I1985	ko:K14218
bte:BTH_I1986	ko:K14224
bte:BTH_I1987	ko:K14221
bte:BTH_I1988	ko:K14224
bte:BTH_I1989	ko:K14221
bte:BTH_I1992	ko:K02553
bte:BTH_I1994	ko:K01638
bte:BTH_I1995	ko:K01560
bte:BTH_I1998	ko:K01637
bte:BTH_I2001	ko:K14742
bte:BTH_I2002	ko:K03789
bte:BTH_I2003	ko:K21929
bte:BTH_I2004	ko:K09977
bte:BTH_I2005	ko:K00941
bte:BTH_I2006	ko:K08227
bte:BTH_I2007	ko:K01775
bte:BTH_I2008	ko:K04485
bte:BTH_I2010	ko:K06158
bte:BTH_I2011	ko:K00432
bte:BTH_I2012	ko:K06131
bte:BTH_I2013	ko:K07320
bte:BTH_I2014	ko:K01439
bte:BTH_I2016	ko:K00674
bte:BTH_I2017	ko:K14267
bte:BTH_I2019	ko:K03529
bte:BTH_I2022	ko:K01972
bte:BTH_I2023	ko:K01462
bte:BTH_I2024	ko:K06182
bte:BTH_I2025	ko:K00990
bte:BTH_I2026	ko:K01265
bte:BTH_I2027	ko:K02967
bte:BTH_I2028	ko:K02357
bte:BTH_I2029	ko:K09903
bte:BTH_I2030	ko:K02838
bte:BTH_I2031	ko:K00806
bte:BTH_I2032	ko:K00981
bte:BTH_I2033	ko:K00099
bte:BTH_I2034	ko:K11749
bte:BTH_I2035	ko:K07277
bte:BTH_I2036	ko:K06142
bte:BTH_I2037	ko:K02536
bte:BTH_I2038	ko:K02372
bte:BTH_I2039	ko:K00677
bte:BTH_I2040	ko:K00748
bte:BTH_I2041	ko:K03470
bte:BTH_I2042	ko:K03437
bte:BTH_I2043	ko:K09773
bte:BTH_I2044	ko:K05998
bte:BTH_I2045	ko:K25587
bte:BTH_I2046	ko:K01007
bte:BTH_I2049	ko:K03664
bte:BTH_I2051	ko:K09801
bte:BTH_I2056	ko:K00088
bte:BTH_I2058	ko:K01951
bte:BTH_I2060	ko:K09983
bte:BTH_I2062	ko:K11991
bte:BTH_I2063	ko:K01297
bte:BTH_I2065	ko:K03457
bte:BTH_I2066	ko:K16841
bte:BTH_I2067	ko:K16842
bte:BTH_I2068	ko:K13485
bte:BTH_I2069	ko:K01477
bte:BTH_I2070	ko:K01483
bte:BTH_I2072	ko:K07127
bte:BTH_I2073	ko:K18456
bte:BTH_I2075	ko:K09165
bte:BTH_I2078	ko:K07485
bte:BTH_I2079	ko:K03282
bte:BTH_I2081	ko:K03969
bte:BTH_I2082	ko:K05366
bte:BTH_I2085	ko:K01754
bte:BTH_I2086	ko:K01438
bte:BTH_I2088	ko:K03723
bte:BTH_I2089	ko:K00991
bte:BTH_I2090	ko:K01770
bte:BTH_I2091	ko:K04756
bte:BTH_I2092	ko:K24126
bte:BTH_I2093	ko:K07638
bte:BTH_I2094	ko:K07659
bte:BTH_I2098	ko:K02291
bte:BTH_I2115	ko:K00077
bte:BTH_I2117	ko:K00865
bte:BTH_I2118	ko:K03545
bte:BTH_I2120	ko:K01358
bte:BTH_I2121	ko:K03544
bte:BTH_I2122	ko:K01338
bte:BTH_I2123	ko:K14237
bte:BTH_I2128	ko:K14221
bte:BTH_I2129	ko:K03770
bte:BTH_I2130	ko:K10804
bte:BTH_I2131	ko:K02003
bte:BTH_I2132	ko:K01810
bte:BTH_I2133	ko:K23997
bte:BTH_I2135	ko:K01952
bte:BTH_I2136	ko:K03769
bte:BTH_I2137	ko:K05527
bte:BTH_I2138	ko:K06190
bte:BTH_I2139	ko:K07305
bte:BTH_I2140	ko:K08997
bte:BTH_I2141	ko:K20034
bte:BTH_I2142	ko:K07516
bte:BTH_I2143	ko:K08281
bte:BTH_I2144	ko:K00632
bte:BTH_I2148	ko:K23256
bte:BTH_I2152	ko:K06980
bte:BTH_I2153	ko:K07082
bte:BTH_I2154	ko:K00943
bte:BTH_I2155	ko:K02341
bte:BTH_I2157	ko:K03424
bte:BTH_I2158	ko:K06867
bte:BTH_I2166	ko:K01424
bte:BTH_I2171	ko:K00042
bte:BTH_I2172	ko:K01816
bte:BTH_I2173	ko:K01608
bte:BTH_I2175	ko:K02275
bte:BTH_I2177	ko:K03088
bte:BTH_I2179	ko:K02990
bte:BTH_I2180	ko:K02686
bte:BTH_I2181	ko:K02963
bte:BTH_I2182	ko:K02939
bte:BTH_I2183	ko:K02314
bte:BTH_I2184	ko:K07220
bte:BTH_I2185	ko:K03306
bte:BTH_I2187	ko:K07175
bte:BTH_I2188	ko:K03564
bte:BTH_I2189	ko:K13014
bte:BTH_I2191	ko:K00604
bte:BTH_I2192	ko:K10012
bte:BTH_I2197	ko:K14260
bte:BTH_I2198	ko:K00003
bte:BTH_I2199	ko:K01733
bte:BTH_I2200	ko:K03750
bte:BTH_I2201	ko:K03636
bte:BTH_I2202	ko:K03635
bte:BTH_I2203	ko:K06886
bte:BTH_I2204	ko:K13771
bte:BTH_I2205	ko:K03695
bte:BTH_I2207	ko:K02237
bte:BTH_I2209	ko:K01607
bte:BTH_I2210	ko:K03644
bte:BTH_I2211	ko:K26939
bte:BTH_I2213	ko:K02909
bte:BTH_I2214	ko:K09933
bte:BTH_I2215	ko:K03446
bte:BTH_I2217	ko:K03628
bte:BTH_I2218	ko:K03671
bte:BTH_I2219	ko:K02343
bte:BTH_I2220	ko:K09747
bte:BTH_I2221	ko:K06187
bte:BTH_I2222	ko:K18313
bte:BTH_I2223	ko:K03787
bte:BTH_I2224	ko:K00573
bte:BTH_I2225	ko:K06194
bte:BTH_I2226	ko:K03087
bte:BTH_I2227	ko:K07501
bte:BTH_I2229	ko:K03215
bte:BTH_I2230	ko:K19416
bte:BTH_I2231	ko:K00940
bte:BTH_I2232	ko:K06941
bte:BTH_I2233	ko:K15539
bte:BTH_I2234	ko:K03526
bte:BTH_I2235	ko:K01892
bte:BTH_I2237	ko:K17713
bte:BTH_I2238	ko:K03977
bte:BTH_I2239	ko:K03666
bte:BTH_I2240	ko:K03665
bte:BTH_I2241	ko:K04088
bte:BTH_I2242	ko:K04087
bte:BTH_I2243	ko:K09937
bte:BTH_I2244	ko:K02502
bte:BTH_I2245	ko:K01939
bte:BTH_I2246	ko:K07101
bte:BTH_I2247	ko:K03549
bte:BTH_I2248	ko:K06959
bte:BTH_I2251	ko:K03722
bte:BTH_I2252	ko:K05807
bte:BTH_I2253	ko:K06180
bte:BTH_I2254	ko:K05810
bte:BTH_I2255	ko:K03821
bte:BTH_I2256	ko:K00626
bte:BTH_I2257	ko:K00023
bte:BTH_I2259	ko:K14441
bte:BTH_I2260	ko:K00874
bte:BTH_I2261	ko:K00626
bte:BTH_I2263	ko:K01760
bte:BTH_I2264	ko:K01079
bte:BTH_I2266	ko:K02069
bte:BTH_I2267	ko:K02068
bte:BTH_I2268	ko:K07290
bte:BTH_I2271	ko:K00128
bte:BTH_I2272	ko:K00459
bte:BTH_I2273	ko:K07275
bte:BTH_I2274	ko:K06938
bte:BTH_I2275	ko:K03322
bte:BTH_I2276	ko:K11073
bte:BTH_I2277	ko:K11076
bte:BTH_I2278	ko:K11075
bte:BTH_I2279	ko:K11074
bte:BTH_I2280	ko:K07090
bte:BTH_I2281	ko:K17218
bte:BTH_I2285	ko:K07727
bte:BTH_I2288	ko:K18303
bte:BTH_I2289	ko:K18302
bte:BTH_I2291	ko:K03281
bte:BTH_I2296	ko:K00874
bte:BTH_I2298	ko:K00090
bte:BTH_I2299	ko:K02525
bte:BTH_I2310	ko:K00424
bte:BTH_I2311	ko:K03284
bte:BTH_I2312	ko:K09780
bte:BTH_I2316	ko:K05802
bte:BTH_I2317	ko:K19339
bte:BTH_I2321	ko:K19342
bte:BTH_I2322	ko:K19341
bte:BTH_I2323	ko:K19340
bte:BTH_I2324	ko:K07218
bte:BTH_I2325	ko:K00376
bte:BTH_I2326	ko:K03734
bte:BTH_I2327	ko:K01990
bte:BTH_I2328	ko:K01992
bte:BTH_I2332	ko:K26731
bte:BTH_I2335	ko:K13954
bte:BTH_I2336	ko:K01785
bte:BTH_I2337	ko:K02529
bte:BTH_I2338	ko:K01805
bte:BTH_I2339	ko:K10543
bte:BTH_I2340	ko:K10545
bte:BTH_I2341	ko:K10544
bte:BTH_I2342	ko:K23508
bte:BTH_I2343	ko:K10820
bte:BTH_I2344	ko:K23509
bte:BTH_I2345	ko:K23509
bte:BTH_I2347	ko:K07493
bte:BTH_I2348	ko:K07493
bte:BTH_I2349	ko:K07493
bte:BTH_I2350	ko:K07481
bte:BTH_I2353	ko:K19246
bte:BTH_I2362	ko:K00249
bte:BTH_I2369	ko:K07506
bte:BTH_I2370	ko:K03285
bte:BTH_I2373	ko:K03408
bte:BTH_I2374	ko:K03406
bte:BTH_I2376	ko:K00666
bte:BTH_I2378	ko:K05845
bte:BTH_I2379	ko:K05846
bte:BTH_I2380	ko:K05847
bte:BTH_I2381	ko:K05846
bte:BTH_I2383	ko:K03758
bte:BTH_I2384	ko:K01478
bte:BTH_I2385	ko:K00611
bte:BTH_I2386	ko:K00926
bte:BTH_I2390	ko:K11209
bte:BTH_I2392	ko:K03449
bte:BTH_I2394	ko:K05936
bte:BTH_I2395	ko:K05895
bte:BTH_I2396	ko:K02188
bte:BTH_I2397	ko:K00595
bte:BTH_I2398	ko:K02229
bte:BTH_I2399	ko:K06042
bte:BTH_I2400	ko:K03394
bte:BTH_I2401	ko:K13541
bte:BTH_I2402	ko:K01183
bte:BTH_I2404	ko:K06999
bte:BTH_I2405	ko:K13580
bte:BTH_I2406	ko:K03405
bte:BTH_I2407	ko:K02230
bte:BTH_I2408	ko:K02234
bte:BTH_I2409	ko:K07241
bte:BTH_I2410	ko:K02189
bte:BTH_I2411	ko:K19221
bte:BTH_I2412	ko:K02224
bte:BTH_I2415	ko:K02014
bte:BTH_I2416	ko:K10531
bte:BTH_I2419	ko:K06160
bte:BTH_I2420	ko:K09983
bte:BTH_I2421	ko:K23227
bte:BTH_I2422	ko:K13255
bte:BTH_I2423	ko:K23228
bte:BTH_I2424	ko:K10829
bte:BTH_I2426	ko:K05375
bte:BTH_I2431	ko:K24707
bte:BTH_I2432	ko:K23271
bte:BTH_I2433	ko:K10440
bte:BTH_I2434	ko:K10441
bte:BTH_I2435	ko:K10439
bte:BTH_I2443	ko:K18139
bte:BTH_I2444	ko:K18095
bte:BTH_I2445	ko:K18094
bte:BTH_I2446	ko:K18129
bte:BTH_I2448	ko:K02029
bte:BTH_I2449	ko:K02029
bte:BTH_I2450	ko:K02030
bte:BTH_I2452	ko:K12513
bte:BTH_I2454	ko:K12511
bte:BTH_I2455	ko:K12510
bte:BTH_I2456	ko:K02283
bte:BTH_I2457	ko:K02282
bte:BTH_I2458	ko:K02281
bte:BTH_I2459	ko:K02280
bte:BTH_I2460	ko:K02279
bte:BTH_I2461	ko:K02278
bte:BTH_I2462	ko:K02651
bte:BTH_I2465	ko:K02049
bte:BTH_I2466	ko:K03761
bte:BTH_I2467	ko:K06415
bte:BTH_I2468	ko:K09786
bte:BTH_I2469	ko:K07180
bte:BTH_I2470	ko:K05874
bte:BTH_I2471	ko:K00852
bte:BTH_I2472	ko:K02529
bte:BTH_I2473	ko:K10440
bte:BTH_I2474	ko:K10441
bte:BTH_I2475	ko:K10439
bte:BTH_I2476	ko:K13635
bte:BTH_I2477	ko:K02045
bte:BTH_I2478	ko:K02047
bte:BTH_I2479	ko:K02046
bte:BTH_I2480	ko:K23163
bte:BTH_I2481	ko:K01356
bte:BTH_I2485	ko:K09695
bte:BTH_I2486	ko:K09694
bte:BTH_I2489	ko:K07089
bte:BTH_I2494	ko:K05539
bte:BTH_I2495	ko:K14226
bte:BTH_I2499	ko:K15555
bte:BTH_I2500	ko:K15554
bte:BTH_I2501	ko:K04091
bte:BTH_I2505	ko:K03297
bte:BTH_I2507	ko:K14230
bte:BTH_I2509	ko:K00684
bte:BTH_I2510	ko:K21420
bte:BTH_I2511	ko:K00254
bte:BTH_I2512	ko:K02424
bte:BTH_I2513	ko:K10009
bte:BTH_I2514	ko:K22230
bte:BTH_I2516	ko:K01807
bte:BTH_I2517	ko:K11066
bte:BTH_I2518	ko:K03218
bte:BTH_I2519	ko:K12573
bte:BTH_I2520	ko:K14228
bte:BTH_I2521	ko:K14228
bte:BTH_I2527	ko:K08178
bte:BTH_I2529	ko:K01897
bte:BTH_I2532	ko:K03666
bte:BTH_I2535	ko:K27080
bte:BTH_I2537	ko:K27079
bte:BTH_I2538	ko:K12511
bte:BTH_I2539	ko:K12510
bte:BTH_I2540	ko:K02283
bte:BTH_I2541	ko:K02282
bte:BTH_I2542	ko:K02280
bte:BTH_I2543	ko:K02279
bte:BTH_I2544	ko:K12513
bte:BTH_I2545	ko:K02278
bte:BTH_I2546	ko:K02651
bte:BTH_I2553	ko:K06916
bte:BTH_I2554	ko:K00382
bte:BTH_I2555	ko:K00658
bte:BTH_I2556	ko:K00164
bte:BTH_I2557	ko:K06207
bte:BTH_I2559	ko:K18139
bte:BTH_I2560	ko:K03543
bte:BTH_I2561	ko:K03446
bte:BTH_I2562	ko:K03177
bte:BTH_I2563	ko:K02834
bte:BTH_I2564	ko:K02519
bte:BTH_I2565	ko:K02600
bte:BTH_I2566	ko:K09748
bte:BTH_I2567	ko:K06178
bte:BTH_I2568	ko:K06024
bte:BTH_I2570	ko:K07492
bte:BTH_I2578	ko:K07287
bte:BTH_I2581	ko:K14232
bte:BTH_I2583	ko:K07485
bte:BTH_I2584	ko:K07497
bte:BTH_I2585	ko:K07483
bte:BTH_I2589	ko:K04764
bte:BTH_I2590	ko:K01890
bte:BTH_I2591	ko:K01889
bte:BTH_I2592	ko:K02887
bte:BTH_I2593	ko:K02916
bte:BTH_I2594	ko:K02520
bte:BTH_I2595	ko:K01868
bte:BTH_I2596	ko:K14237
bte:BTH_I2597	ko:K00951
bte:BTH_I2601	ko:K17218
bte:BTH_I2607	ko:K01029
bte:BTH_I2608	ko:K01028
bte:BTH_I2611	ko:K07107
bte:BTH_I2613	ko:K00311
bte:BTH_I2614	ko:K01736
bte:BTH_I2618	ko:K07058
bte:BTH_I2619	ko:K03809
bte:BTH_I2625	ko:K18139
bte:BTH_I2629	ko:K03406
bte:BTH_I2630	ko:K08223
bte:BTH_I2631	ko:K01243
bte:BTH_I2632	ko:K03657
bte:BTH_I2633	ko:K01873
bte:BTH_I2634	ko:K00963
bte:BTH_I2640	ko:K04085
bte:BTH_I2641	ko:K00010
bte:BTH_I2642	ko:K00010
bte:BTH_I2644	ko:K02058
bte:BTH_I2645	ko:K02057
bte:BTH_I2646	ko:K02056
bte:BTH_I2647	ko:K03338
bte:BTH_I2648	ko:K03336
bte:BTH_I2649	ko:K03335
bte:BTH_I2650	ko:K03337
bte:BTH_I2651	ko:K01996
bte:BTH_I2652	ko:K01995
bte:BTH_I2652	ko:K01998
bte:BTH_I2653	ko:K01997
bte:BTH_I2654	ko:K07107
bte:BTH_I2655	ko:K00043
bte:BTH_I2658	ko:K04771
bte:BTH_I2661	ko:K01872
bte:BTH_I2662	ko:K01041
bte:BTH_I2664	ko:K04062
bte:BTH_I2665	ko:K01886
bte:BTH_I2668	ko:K01207
bte:BTH_I2672	ko:K00209
bte:BTH_I2673	ko:K00598
bte:BTH_I2674	ko:K07687
bte:BTH_I2675	ko:K20973
bte:BTH_I2676	ko:K27078
bte:BTH_I2677	ko:K07347
bte:BTH_I2678	ko:K07346
bte:BTH_I2679	ko:K27078
bte:BTH_I2680	ko:K27078
bte:BTH_I2681	ko:K27078
bte:BTH_I2686	ko:K03746
bte:BTH_I2687	ko:K03322
bte:BTH_I2688	ko:K07484
bte:BTH_I2689	ko:K07484
bte:BTH_I2690	ko:K07483
bte:BTH_I2697	ko:K11904
bte:BTH_I2708	ko:K11896
bte:BTH_I2713	ko:K05973
bte:BTH_I2714	ko:K03746
bte:BTH_I2716	ko:K03566
bte:BTH_I2718	ko:K03830
bte:BTH_I2719	ko:K03657
bte:BTH_I2721	ko:K07326
bte:BTH_I2723	ko:K15125
bte:BTH_I2735	ko:K07484
bte:BTH_I2736	ko:K07484
bte:BTH_I2737	ko:K07483
bte:BTH_I2740	ko:K01153
bte:BTH_I2742	ko:K01154
bte:BTH_I2743	ko:K03427
bte:BTH_I2744	ko:K07497
bte:BTH_I2745	ko:K07483
bte:BTH_I2747	ko:K03497
bte:BTH_I2748	ko:K07493
bte:BTH_I2749	ko:K14219
bte:BTH_I2750	ko:K06153
bte:BTH_I2753	ko:K01895
bte:BTH_I2755	ko:K26937
bte:BTH_I2757	ko:K22310
bte:BTH_I2758	ko:K08296
bte:BTH_I2759	ko:K14232
bte:BTH_I2765	ko:K01524
bte:BTH_I2766	ko:K00937
bte:BTH_I2767	ko:K07636
bte:BTH_I2768	ko:K07657
bte:BTH_I2769	ko:K02039
bte:BTH_I2770	ko:K02036
bte:BTH_I2771	ko:K02038
bte:BTH_I2772	ko:K02037
bte:BTH_I2773	ko:K02040
bte:BTH_I2774	ko:K03431
bte:BTH_I2775	ko:K00796
bte:BTH_I2776	ko:K03798
bte:BTH_I2777	ko:K02427
bte:BTH_I2778	ko:K07574
bte:BTH_I2780	ko:K03624
bte:BTH_I2781	ko:K01955
bte:BTH_I2782	ko:K11250
bte:BTH_I2783	ko:K01956
bte:BTH_I2787	ko:K08307
bte:BTH_I2788	ko:K01069
bte:BTH_I2790	ko:K03469
bte:BTH_I2791	ko:K02342
bte:BTH_I2792	ko:K09771
bte:BTH_I2793	ko:K03762
bte:BTH_I2797	ko:K00645
bte:BTH_I2798	ko:K13930
bte:BTH_I2799	ko:K13934
bte:BTH_I2800	ko:K13933
bte:BTH_I2801	ko:K13932
bte:BTH_I2802	ko:K13931
bte:BTH_I2803	ko:K13929
bte:BTH_I2807	ko:K17735
bte:BTH_I2808	ko:K01596
bte:BTH_I2809	ko:K13993
bte:BTH_I2818	ko:K18900
bte:BTH_I2819	ko:K09965
bte:BTH_I2821	ko:K07734
bte:BTH_I2827	ko:K03285
bte:BTH_I2829	ko:K02055
bte:BTH_I2830	ko:K02053
bte:BTH_I2833	ko:K02053
bte:BTH_I2834	ko:K02052
bte:BTH_I2835	ko:K03651
bte:BTH_I2844	ko:K03147
bte:BTH_I2845	ko:K04062
bte:BTH_I2849	ko:K15034
bte:BTH_I2850	ko:K03581
bte:BTH_I2851	ko:K03582
bte:BTH_I2852	ko:K03583
bte:BTH_I2854	ko:K16234
bte:BTH_I2856	ko:K02012
bte:BTH_I2857	ko:K02011
bte:BTH_I2858	ko:K02010
bte:BTH_I2859	ko:K05800
bte:BTH_I2861	ko:K07118
bte:BTH_I2864	ko:K07093
bte:BTH_I2865	ko:K20329
bte:BTH_I2866	ko:K07799
bte:BTH_I2867	ko:K07788
bte:BTH_I2868	ko:K07789
bte:BTH_I2870	ko:K03564
bte:BTH_I2874	ko:K02274
bte:BTH_I2875	ko:K02275
bte:BTH_I2885	ko:K00058
bte:BTH_I2888	ko:K01262
bte:BTH_I2889	ko:K07483
bte:BTH_I2890	ko:K07484
bte:BTH_I2892	ko:K07493
bte:BTH_I2894	ko:K01985
bte:BTH_I2895	ko:K01980
bte:BTH_I2896	ko:K14218
bte:BTH_I2897	ko:K14227
bte:BTH_I2898	ko:K01977
bte:BTH_I2899	ko:K01692
bte:BTH_I2901	ko:K07823
bte:BTH_I2902	ko:K15866
bte:BTH_I2903	ko:K02614
bte:BTH_I2904	ko:K01912
bte:BTH_I2905	ko:K08304
bte:BTH_I2906	ko:K06195
bte:BTH_I2907	ko:K01783
bte:BTH_I2908	ko:K01091
bte:BTH_I2909	ko:K01657
bte:BTH_I2910	ko:K01658
bte:BTH_I2911	ko:K00766
bte:BTH_I2912	ko:K01609
bte:BTH_I2914	ko:K03648
bte:BTH_I2915	ko:K01118
bte:BTH_I2917	ko:K03981
bte:BTH_I2918	ko:K18800
bte:BTH_I2920	ko:K06942
bte:BTH_I2921	ko:K11735
bte:BTH_I2924	ko:K06020
bte:BTH_I2927	ko:K01262
bte:BTH_I2929	ko:K02492
bte:BTH_I2930	ko:K02835
bte:BTH_I2931	ko:K02493
bte:BTH_I2932	ko:K07390
bte:BTH_I2933	ko:K03186
bte:BTH_I2934	ko:K15777
bte:BTH_I2936	ko:K03704
bte:BTH_I2937	ko:K04046
bte:BTH_I2941	ko:K09941
bte:BTH_I2945	ko:K01256
bte:BTH_I2948	ko:K13408
bte:BTH_I2949	ko:K13409
bte:BTH_I2950	ko:K12340
bte:BTH_I2952	ko:K17733
bte:BTH_I2954	ko:K11891
bte:BTH_I2955	ko:K11890
bte:BTH_I2956	ko:K03286
bte:BTH_I2957	ko:K11902
bte:BTH_I2958	ko:K11907
bte:BTH_I2959	ko:K11895
bte:BTH_I2960	ko:K11896
bte:BTH_I2961	ko:K11897
bte:BTH_I2962	ko:K11903
bte:BTH_I2963	ko:K11900
bte:BTH_I2964	ko:K11901
bte:BTH_I2966	ko:K11906
bte:BTH_I2967	ko:K11893
bte:BTH_I2968	ko:K11892
bte:BTH_I2972	ko:K14234
bte:BTH_I2973	ko:K03600
bte:BTH_I2974	ko:K03599
bte:BTH_I2975	ko:K00413
bte:BTH_I2976	ko:K00412
bte:BTH_I2977	ko:K00411
bte:BTH_I2979	ko:K04772
bte:BTH_I2980	ko:K03118
bte:BTH_I2981	ko:K03117
bte:BTH_I2982	ko:K03116
bte:BTH_I2983	ko:K02503
bte:BTH_I2985	ko:K01523
bte:BTH_I2987	ko:K02500
bte:BTH_I2988	ko:K01814
bte:BTH_I2989	ko:K02501
bte:BTH_I2991	ko:K01693
bte:BTH_I2992	ko:K00817
bte:BTH_I2993	ko:K00013
bte:BTH_I2994	ko:K00765
bte:BTH_I2995	ko:K00790
bte:BTH_I2997	ko:K01992
bte:BTH_I2998	ko:K01990
bte:BTH_I2999	ko:K07122
bte:BTH_I3000	ko:K07323
bte:BTH_I3001	ko:K04754
bte:BTH_I3002	ko:K02067
bte:BTH_I3003	ko:K02066
bte:BTH_I3004	ko:K02065
bte:BTH_I3005	ko:K00788
bte:BTH_I3006	ko:K03149
bte:BTH_I3007	ko:K03154
bte:BTH_I3008	ko:K03153
bte:BTH_I3009	ko:K02471
bte:BTH_I3011	ko:K01975
bte:BTH_I3012	ko:K03310
bte:BTH_I3013	ko:K00266
bte:BTH_I3014	ko:K00265
bte:BTH_I3015	ko:K07491
bte:BTH_I3016	ko:K07275
bte:BTH_I3017	ko:K01126
bte:BTH_I3018	ko:K05816
bte:BTH_I3019	ko:K05815
bte:BTH_I3020	ko:K05814
bte:BTH_I3021	ko:K05813
bte:BTH_I3022	ko:K01129
bte:BTH_I3023	ko:K01735
bte:BTH_I3024	ko:K00891
bte:BTH_I3025	ko:K02666
bte:BTH_I3026	ko:K02664
bte:BTH_I3029	ko:K05366
bte:BTH_I3030	ko:K06202
bte:BTH_I3031	ko:K01586
bte:BTH_I3032	ko:K17247
bte:BTH_I3033	ko:K07147
bte:BTH_I3035	ko:K07399
bte:BTH_I3037	ko:K03978
bte:BTH_I3038	ko:K01698
bte:BTH_I3039	ko:K04084
bte:BTH_I3040	ko:K03926
bte:BTH_I3041	ko:K02879
bte:BTH_I3042	ko:K03040
bte:BTH_I3043	ko:K02986
bte:BTH_I3044	ko:K02948
bte:BTH_I3045	ko:K02952
bte:BTH_I3046	ko:K02919
bte:BTH_I3047	ko:K02518
bte:BTH_I3048	ko:K03076
bte:BTH_I3049	ko:K02876
bte:BTH_I3050	ko:K02907
bte:BTH_I3051	ko:K02988
bte:BTH_I3052	ko:K02881
bte:BTH_I3053	ko:K02933
bte:BTH_I3054	ko:K02994
bte:BTH_I3055	ko:K02954
bte:BTH_I3056	ko:K02931
bte:BTH_I3057	ko:K02895
bte:BTH_I3058	ko:K02874
bte:BTH_I3059	ko:K02961
bte:BTH_I3060	ko:K02904
bte:BTH_I3061	ko:K02878
bte:BTH_I3062	ko:K02982
bte:BTH_I3063	ko:K02890
bte:BTH_I3064	ko:K02965
bte:BTH_I3065	ko:K02886
bte:BTH_I3066	ko:K02892
bte:BTH_I3067	ko:K02926
bte:BTH_I3068	ko:K02906
bte:BTH_I3069	ko:K02946
bte:BTH_I3070	ko:K02358
bte:BTH_I3071	ko:K02355
bte:BTH_I3072	ko:K02992
bte:BTH_I3073	ko:K02950
bte:BTH_I3074	ko:K03654
bte:BTH_I3075	ko:K03046
bte:BTH_I3076	ko:K03043
bte:BTH_I3077	ko:K02935
bte:BTH_I3078	ko:K02864
bte:BTH_I3079	ko:K02863
bte:BTH_I3080	ko:K02867
bte:BTH_I3081	ko:K02601
bte:BTH_I3082	ko:K03073
bte:BTH_I3083	ko:K14235
bte:BTH_I3084	ko:K02358
bte:BTH_I3085	ko:K14234
bte:BTH_I3086	ko:K14225
bte:BTH_I3087	ko:K14236
bte:BTH_I3088	ko:K07497
bte:BTH_I3089	ko:K07483
bte:BTH_I3090	ko:K07484
bte:BTH_I3091	ko:K01985
bte:BTH_I3092	ko:K01980
bte:BTH_I3093	ko:K14218
bte:BTH_I3094	ko:K14227
bte:BTH_I3095	ko:K01977
bte:BTH_I3097	ko:K02609
bte:BTH_I3098	ko:K02610
bte:BTH_I3099	ko:K02611
bte:BTH_I3100	ko:K02612
bte:BTH_I3101	ko:K02613
bte:BTH_I3105	ko:K03719
bte:BTH_I3106	ko:K00457
bte:BTH_I3108	ko:K04090
bte:BTH_I3110	ko:K00029
bte:BTH_I3111	ko:K00762
bte:BTH_I3113	ko:K03809
bte:BTH_I3114	ko:K00145
bte:BTH_I3117	ko:K07275
bte:BTH_I3118	ko:K07485
bte:BTH_I3121	ko:K05834
bte:BTH_I3123	ko:K09122
bte:BTH_I3129	ko:K03293
bte:BTH_I3131	ko:K07493
bte:BTH_I3135	ko:K14060
bte:BTH_I3137	ko:K06919
bte:BTH_I3138	ko:K07493
bte:BTH_I3140	ko:K07484
bte:BTH_I3141	ko:K07484
bte:BTH_I3142	ko:K07483
bte:BTH_I3144	ko:K14218
bte:BTH_I3145	ko:K08738
bte:BTH_I3146	ko:K28369
bte:BTH_I3147	ko:K03271
bte:BTH_I3148	ko:K07460
bte:BTH_I3149	ko:K07056
bte:BTH_I3150	ko:K03642
bte:BTH_I3151	ko:K01069
bte:BTH_I3153	ko:K03719
bte:BTH_I3155	ko:K03746
bte:BTH_I3156	ko:K07226
bte:BTH_I3158	ko:K01999
bte:BTH_I3159	ko:K00459
bte:BTH_I3161	ko:K01426
bte:BTH_I3162	ko:K07485
bte:BTH_I3163	ko:K00297
bte:BTH_I3164	ko:K08972
bte:BTH_I3165	ko:K01251
bte:BTH_I3166	ko:K02405
bte:BTH_I3167	ko:K04562
bte:BTH_I3168	ko:K02404
bte:BTH_I3169	ko:K02400
bte:BTH_I3170	ko:K02401
bte:BTH_I3175	ko:K03414
bte:BTH_I3176	ko:K03413
bte:BTH_I3177	ko:K03412
bte:BTH_I3178	ko:K03411
bte:BTH_I3179	ko:K00575
bte:BTH_I3180	ko:K05874
bte:BTH_I3181	ko:K03408
bte:BTH_I3182	ko:K03407
bte:BTH_I3183	ko:K03413
bte:BTH_I3184	ko:K02557
bte:BTH_I3185	ko:K02556
bte:BTH_I3186	ko:K02402
bte:BTH_I3187	ko:K02403
bte:BTH_I3189	ko:K03746
bte:BTH_I3190	ko:K06188
bte:BTH_I3191	ko:K28854
bte:BTH_I3192	ko:K18676
bte:BTH_I3193	ko:K01246
bte:BTH_I3195	ko:K02970
bte:BTH_I3196	ko:K02406
bte:BTH_I3197	ko:K02407
bte:BTH_I3198	ko:K02423
bte:BTH_I3201	ko:K05834
bte:BTH_I3209	ko:K03406
bte:BTH_I3216	ko:K18234
bte:BTH_I3218	ko:K26080
bte:BTH_I3224	ko:K03746
bte:BTH_I3225	ko:K11904
bte:BTH_I3229	ko:K07497
bte:BTH_I3231	ko:K14060
bte:BTH_I3233	ko:K03650
bte:BTH_I3235	ko:K03217
bte:BTH_I3236	ko:K08998
bte:BTH_I3237	ko:K03536
bte:BTH_I3238	ko:K02914
bte:BTH_I3239	ko:K02313
bte:BTH_I3240	ko:K02338
bte:BTH_I3241	ko:K02470
bte:BTH_I3243	ko:K07454
bte:BTH_I3244	ko:K07493
bte:BTH_I3247	ko:K00138
bte:BTH_I3248	ko:K04033
bte:BTH_I3250	ko:K01652
bte:BTH_I3251	ko:K01752
bte:BTH_I3253	ko:K00281
bte:BTH_I3254	ko:K02437
bte:BTH_I3255	ko:K00605
bte:BTH_I3260	ko:K03656
bte:BTH_I3262	ko:K14219
bte:BTH_I3268	ko:K10954
bte:BTH_I3279	ko:K07493
bte:BTH_I3281	ko:K03736
bte:BTH_I3282	ko:K03735
bte:BTH_I3283	ko:K16238
bte:BTH_I3290	ko:K01534
bte:BTH_I3294	ko:K10013
bte:BTH_I3295	ko:K14287
bte:BTH_I3298	ko:K09456
bte:BTH_I3300	ko:K01999
bte:BTH_I3301	ko:K13821
bte:BTH_I3303	ko:K04066
bte:BTH_I3304	ko:K01599
bte:BTH_I3305	ko:K01713
bte:BTH_I3306	ko:K00666
bte:BTH_I3307	ko:K02114
bte:BTH_I3308	ko:K02112
bte:BTH_I3309	ko:K02115
bte:BTH_I3310	ko:K02111
bte:BTH_I3311	ko:K02113
bte:BTH_I3312	ko:K02109
bte:BTH_I3313	ko:K02110
bte:BTH_I3314	ko:K02108
bte:BTH_I3315	ko:K02116
bte:BTH_I3317	ko:K03497
bte:BTH_I3318	ko:K03496
bte:BTH_I3319	ko:K03501
bte:BTH_I3320	ko:K03495
bte:BTH_I3321	ko:K01996
bte:BTH_I3322	ko:K01995
bte:BTH_I3322	ko:K01998
bte:BTH_I3323	ko:K01997
bte:BTH_I3324	ko:K01999
bte:BTH_I3326	ko:K01999
bte:BTH_I3327	ko:K01998
bte:BTH_I3328	ko:K01997
bte:BTH_I3329	ko:K01999
bte:BTH_I3330	ko:K01996
bte:BTH_I3331	ko:K01995
bte:BTH_I3333	ko:K00140
bte:BTH_I3336	ko:K03719
bte:BTH_I3337	ko:K00500
bte:BTH_I3338	ko:K01724
bte:BTH_I3339	ko:K02483
bte:BTH_I3341	ko:K07117
bte:BTH_I3343	ko:K01951
bte:BTH_I3345	ko:K14228
bte:BTH_II0005	ko:K00639
bte:BTH_II0006	ko:K00060
bte:BTH_II0011	ko:K09958
bte:BTH_II0013	ko:K07246
bte:BTH_II0014	ko:K16135
bte:BTH_II0016	ko:K00799
bte:BTH_II0018	ko:K07001
bte:BTH_II0019	ko:K00019
bte:BTH_II0020	ko:K01574
bte:BTH_II0021	ko:K19302
bte:BTH_II0028	ko:K09930
bte:BTH_II0033	ko:K06895
bte:BTH_II0034	ko:K05596
bte:BTH_II0035	ko:K01420
bte:BTH_II0038	ko:K13877
bte:BTH_II0041	ko:K00640
bte:BTH_II0043	ko:K01495
bte:BTH_II0045	ko:K00481
bte:BTH_II0046	ko:K01031
bte:BTH_II0047	ko:K01032
bte:BTH_II0048	ko:K01857
bte:BTH_II0049	ko:K01055
bte:BTH_II0050	ko:K01607
bte:BTH_II0051	ko:K08195
bte:BTH_II0054	ko:K03672
bte:BTH_II0055	ko:K17218
bte:BTH_II0056	ko:K12340
bte:BTH_II0058	ko:K18138
bte:BTH_II0059	ko:K03585
bte:BTH_II0062	ko:K02003
bte:BTH_II0063	ko:K02004
bte:BTH_II0064	ko:K02005
bte:BTH_II0065	ko:K05805
bte:BTH_II0072	ko:K07326
bte:BTH_II0073	ko:K07240
bte:BTH_II0075	ko:K03701
bte:BTH_II0078	ko:K01114
bte:BTH_II0079	ko:K07497
bte:BTH_II0084	ko:K11071
bte:BTH_II0085	ko:K11070
bte:BTH_II0086	ko:K11069
bte:BTH_II0088	ko:K03746
bte:BTH_II0089	ko:K11904
bte:BTH_II0093	ko:K07497
bte:BTH_II0095	ko:K07483
bte:BTH_II0096	ko:K07497
bte:BTH_II0100	ko:K03671
bte:BTH_II0103	ko:K03285
bte:BTH_II0107	ko:K11921
bte:BTH_II0112	ko:K21449
bte:BTH_II0115	ko:K07345
bte:BTH_II0116	ko:K15540
bte:BTH_II0117	ko:K07347
bte:BTH_II0118	ko:K07345
bte:BTH_II0119	ko:K11892
bte:BTH_II0121	ko:K11901
bte:BTH_II0122	ko:K11900
bte:BTH_II0123	ko:K11903
bte:BTH_II0124	ko:K11906
bte:BTH_II0125	ko:K11893
bte:BTH_II0126	ko:K11892
bte:BTH_II0127	ko:K11891
bte:BTH_II0129	ko:K11904
bte:BTH_II0134	ko:K11902
bte:BTH_II0135	ko:K11895
bte:BTH_II0136	ko:K11896
bte:BTH_II0137	ko:K11897
bte:BTH_II0138	ko:K11898
bte:BTH_II0140	ko:K11907
bte:BTH_II0141	ko:K07677
bte:BTH_II0142	ko:K07687
bte:BTH_II0146	ko:K18475
bte:BTH_II0148	ko:K01079
bte:BTH_II0151	ko:K02406
bte:BTH_II0153	ko:K02556
bte:BTH_II0154	ko:K02557
bte:BTH_II0155	ko:K03413
bte:BTH_II0156	ko:K03407
bte:BTH_II0157	ko:K03408
bte:BTH_II0158	ko:K03406
bte:BTH_II0159	ko:K00575
bte:BTH_II0160	ko:K03411
bte:BTH_II0161	ko:K03412
bte:BTH_II0162	ko:K03412
bte:BTH_II0163	ko:K02400
bte:BTH_II0164	ko:K02401
bte:BTH_II0165	ko:K02421
bte:BTH_II0166	ko:K02420
bte:BTH_II0167	ko:K02419
bte:BTH_II0168	ko:K02417
bte:BTH_II0169	ko:K02416
bte:BTH_II0170	ko:K02408
bte:BTH_II0171	ko:K02409
bte:BTH_II0172	ko:K02410
bte:BTH_II0173	ko:K02411
bte:BTH_II0174	ko:K02412
bte:BTH_II0176	ko:K02407
bte:BTH_II0177	ko:K02422
bte:BTH_II0179	ko:K02414
bte:BTH_II0180	ko:K02405
bte:BTH_II0181	ko:K02398
bte:BTH_II0182	ko:K02395
bte:BTH_II0183	ko:K02386
bte:BTH_II0184	ko:K02387
bte:BTH_II0185	ko:K02388
bte:BTH_II0186	ko:K02389
bte:BTH_II0187	ko:K02390
bte:BTH_II0188	ko:K02391
bte:BTH_II0189	ko:K02392
bte:BTH_II0190	ko:K02393
bte:BTH_II0191	ko:K02394
bte:BTH_II0192	ko:K02395
bte:BTH_II0193	ko:K02396
bte:BTH_II0194	ko:K02397
bte:BTH_II0198	ko:K07687
bte:BTH_II0199	ko:K03746
bte:BTH_II0201	ko:K00865
bte:BTH_II0202	ko:K00873
bte:BTH_II0203	ko:K02647
bte:BTH_II0206	ko:K06893
bte:BTH_II0209	ko:K10439
bte:BTH_II0210	ko:K10440
bte:BTH_II0211	ko:K10441
bte:BTH_II0213	ko:K01178
bte:BTH_II0214	ko:K05591
bte:BTH_II0217	ko:K01451
bte:BTH_II0218	ko:K14057
bte:BTH_II0223	ko:K00285
bte:BTH_II0225	ko:K16216
bte:BTH_II0229	ko:K22952
bte:BTH_II0230	ko:K22874
bte:BTH_II0231	ko:K25524
bte:BTH_II0232	ko:K01953
bte:BTH_II0233	ko:K00344
bte:BTH_II0237	ko:K00166
bte:BTH_II0238	ko:K00167
bte:BTH_II0239	ko:K09699
bte:BTH_II0240	ko:K29125
bte:BTH_II0245	ko:K01753
bte:BTH_II0246	ko:K03566
bte:BTH_II0249	ko:K07169
bte:BTH_II0251	ko:K11906
bte:BTH_II0252	ko:K11893
bte:BTH_II0253	ko:K11892
bte:BTH_II0254	ko:K11891
bte:BTH_II0255	ko:K11890
bte:BTH_II0257	ko:K11902
bte:BTH_II0258	ko:K11901
bte:BTH_II0259	ko:K11900
bte:BTH_II0260	ko:K06887
bte:BTH_II0261	ko:K11897
bte:BTH_II0262	ko:K11896
bte:BTH_II0263	ko:K11895
bte:BTH_II0264	ko:K11907
bte:BTH_II0265	ko:K11904
bte:BTH_II0271	ko:K07493
bte:BTH_II0277	ko:K07045
bte:BTH_II0278	ko:K00507
bte:BTH_II0279	ko:K00574
bte:BTH_II0281	ko:K00507
bte:BTH_II0284	ko:K01897
bte:BTH_II0286	ko:K13777
bte:BTH_II0287	ko:K13779
bte:BTH_II0288	ko:K11731
bte:BTH_II0289	ko:K13778
bte:BTH_II0291	ko:K13774
bte:BTH_II0292	ko:K00249
bte:BTH_II0293	ko:K22108
bte:BTH_II0296	ko:K21147
bte:BTH_II0297	ko:K03932
bte:BTH_II0299	ko:K21936
bte:BTH_II0300	ko:K03564
bte:BTH_II0303	ko:K07044
bte:BTH_II0304	ko:K03636
bte:BTH_II0305	ko:K00249
bte:BTH_II0307	ko:K00854
bte:BTH_II0309	ko:K01634
bte:BTH_II0311	ko:K01634
bte:BTH_II0313	ko:K09981
bte:BTH_II0315	ko:K03717
bte:BTH_II0316	ko:K00484
bte:BTH_II0319	ko:K00059
bte:BTH_II0320	ko:K01426
bte:BTH_II0323	ko:K22027
bte:BTH_II0325	ko:K01821
bte:BTH_II0330	ko:K00146
bte:BTH_II0336	ko:K04940
bte:BTH_II0337	ko:K00074
bte:BTH_II0339	ko:K14237
bte:BTH_II0340	ko:K01791
bte:BTH_II0348	ko:K00820
bte:BTH_II0349	ko:K00046
bte:BTH_II0352	ko:K00851
bte:BTH_II0356	ko:K07497
bte:BTH_II0358	ko:K07493
bte:BTH_II0362	ko:K00240
bte:BTH_II0363	ko:K07213
bte:BTH_II0366	ko:K07497
bte:BTH_II0367	ko:K07483
bte:BTH_II0372	ko:K01467
bte:BTH_II0373	ko:K19209
bte:BTH_II0375	ko:K07644
bte:BTH_II0376	ko:K07665
bte:BTH_II0379	ko:K14645
bte:BTH_II0380	ko:K01281
bte:BTH_II0389	ko:K01158
bte:BTH_II0394	ko:K16692
bte:BTH_II0399	ko:K05999
bte:BTH_II0403	ko:K10215
bte:BTH_II0407	ko:K00799
bte:BTH_II0408	ko:K07006
bte:BTH_II0409	ko:K03317
bte:BTH_II0410	ko:K01619
bte:BTH_II0412	ko:K00758
bte:BTH_II0413	ko:K01489
bte:BTH_II0415	ko:K16370
bte:BTH_II0416	ko:K00925
bte:BTH_II0417	ko:K00625
bte:BTH_II0418	ko:K03821
bte:BTH_II0419	ko:K02112
bte:BTH_II0420	ko:K02114
bte:BTH_II0421	ko:K02116
bte:BTH_II0423	ko:K02108
bte:BTH_II0424	ko:K02110
bte:BTH_II0425	ko:K02109
bte:BTH_II0426	ko:K02111
bte:BTH_II0427	ko:K02115
bte:BTH_II0428	ko:K13953
bte:BTH_II0431	ko:K07493
bte:BTH_II0437	ko:K01992
bte:BTH_II0438	ko:K13926
bte:BTH_II0439	ko:K01993
bte:BTH_II0440	ko:K18139
bte:BTH_II0444	ko:K02004
bte:BTH_II0445	ko:K02003
bte:BTH_II0446	ko:K02005
bte:BTH_II0449	ko:K03406
bte:BTH_II0450	ko:K00860
bte:BTH_II0457	ko:K08738
bte:BTH_II0459	ko:K13953
bte:BTH_II0460	ko:K01420
bte:BTH_II0461	ko:K00023
bte:BTH_II0462	ko:K07576
bte:BTH_II0463	ko:K07044
bte:BTH_II0464	ko:K11733
bte:BTH_II0465	ko:K07485
bte:BTH_II0470	ko:K05783
bte:BTH_II0471	ko:K05784
bte:BTH_II0472	ko:K05550
bte:BTH_II0473	ko:K05549
bte:BTH_II0474	ko:K21757
bte:BTH_II0478	ko:K00219
bte:BTH_II0479	ko:K02297
bte:BTH_II0480	ko:K02298
bte:BTH_II0481	ko:K02299
bte:BTH_II0482	ko:K02300
bte:BTH_II0483	ko:K03464
bte:BTH_II0484	ko:K03381
bte:BTH_II0485	ko:K01856
bte:BTH_II0486	ko:K21757
bte:BTH_II0488	ko:K16319
bte:BTH_II0489	ko:K16320
bte:BTH_II0490	ko:K18248
bte:BTH_II0491	ko:K18249
bte:BTH_II0492	ko:K02503
bte:BTH_II0493	ko:K06132
bte:BTH_II0496	ko:K24163
bte:BTH_II0497	ko:K01652
bte:BTH_II0501	ko:K13487
bte:BTH_II0502	ko:K13488
bte:BTH_II0503	ko:K13486
bte:BTH_II0504	ko:K13489
bte:BTH_II0505	ko:K13490
bte:BTH_II0506	ko:K13491
bte:BTH_II0507	ko:K01560
bte:BTH_II0508	ko:K03281
bte:BTH_II0509	ko:K07052
bte:BTH_II0512	ko:K01867
bte:BTH_II0514	ko:K18199
bte:BTH_II0515	ko:K06147
bte:BTH_II0516	ko:K07223
bte:BTH_II0518	ko:K07397
bte:BTH_II0520	ko:K00249
bte:BTH_II0527	ko:K02014
bte:BTH_II0532	ko:K07004
bte:BTH_II0537	ko:K11066
bte:BTH_II0542	ko:K16011
bte:BTH_II0544	ko:K00012
bte:BTH_II0545	ko:K25307
bte:BTH_II0546	ko:K01991
bte:BTH_II0547	ko:K16692
bte:BTH_II0554	ko:K03772
bte:BTH_II0555	ko:K07044
bte:BTH_II0564	ko:K15650
bte:BTH_II0567	ko:K00826
bte:BTH_II0569	ko:K04073
bte:BTH_II0570	ko:K01666
bte:BTH_II0571	ko:K26933
bte:BTH_II0579	ko:K29125
bte:BTH_II0581	ko:K15256
bte:BTH_II0584	ko:K03699
bte:BTH_II0588	ko:K01821
bte:BTH_II0590	ko:K02019
bte:BTH_II0591	ko:K02017
bte:BTH_II0592	ko:K02018
bte:BTH_II0593	ko:K02020
bte:BTH_II0597	ko:K04063
bte:BTH_II0598	ko:K23775
bte:BTH_II0600	ko:K02204
bte:BTH_II0602	ko:K01241
bte:BTH_II0605	ko:K02335
bte:BTH_II0606	ko:K03885
bte:BTH_II0608	ko:K27080
bte:BTH_II0609	ko:K01061
bte:BTH_II0610	ko:K01011
bte:BTH_II0612	ko:K03602
bte:BTH_II0613	ko:K00795
bte:BTH_II0614	ko:K01662
bte:BTH_II0615	ko:K09007
bte:BTH_II0616	ko:K25706
bte:BTH_II0618	ko:K02970
bte:BTH_II0619	ko:K09117
bte:BTH_II0620	ko:K02316
bte:BTH_II0621	ko:K03086
bte:BTH_II0622	ko:K14230
bte:BTH_II0623	ko:K14059
bte:BTH_II0625	ko:K07493
bte:BTH_II0628	ko:K03457
bte:BTH_II0631	ko:K00033
bte:BTH_II0634	ko:K06194
bte:BTH_II0638	ko:K02014
bte:BTH_II0639	ko:K01046
bte:BTH_II0641	ko:K00375
bte:BTH_II0642	ko:K02052
bte:BTH_II0643	ko:K02055
bte:BTH_II0644	ko:K02054
bte:BTH_II0645	ko:K02053
bte:BTH_II0646	ko:K05998
bte:BTH_II0649	ko:K00505
bte:BTH_II0652	ko:K19713
bte:BTH_II0654	ko:K27802
bte:BTH_II0655	ko:K01720
bte:BTH_II0657	ko:K01644
bte:BTH_II0658	ko:K00024
bte:BTH_II0659	ko:K03710
bte:BTH_II0660	ko:K00241
bte:BTH_II0661	ko:K00242
bte:BTH_II0662	ko:K00239
bte:BTH_II0663	ko:K00240
bte:BTH_II0664	ko:K09159
bte:BTH_II0665	ko:K01647
bte:BTH_II0670	ko:K00163
bte:BTH_II0671	ko:K03719
bte:BTH_II0672	ko:K01703
bte:BTH_II0673	ko:K01704
bte:BTH_II0674	ko:K00052
bte:BTH_II0675	ko:K00133
bte:BTH_II0676	ko:K08086
bte:BTH_II0677	ko:K06173
bte:BTH_II0678	ko:K01817
bte:BTH_II0679	ko:K01696
bte:BTH_II0680	ko:K00571
bte:BTH_II0681	ko:K01695
bte:BTH_II0682	ko:K01963
bte:BTH_II0683	ko:K11754
bte:BTH_II0684	ko:K03749
bte:BTH_II0685	ko:K03558
bte:BTH_II0686	ko:K00764
bte:BTH_II0687	ko:K10764
bte:BTH_II0689	ko:K22252
bte:BTH_II0690	ko:K01711
bte:BTH_II0699	ko:K00963
bte:BTH_II0703	ko:K07058
bte:BTH_II0705	ko:K06987
bte:BTH_II0707	ko:K00123
bte:BTH_II0708	ko:K00124
bte:BTH_II0709	ko:K00127
bte:BTH_II0710	ko:K02380
bte:BTH_II0711	ko:K01042
bte:BTH_II0712	ko:K03833
bte:BTH_II0716	ko:K07483
bte:BTH_II0717	ko:K07497
bte:BTH_II0721	ko:K01426
bte:BTH_II0723	ko:K05349
bte:BTH_II0726	ko:K08195
bte:BTH_II0728	ko:K07152
bte:BTH_II0733	ko:K02482
bte:BTH_II0742	ko:K03228
bte:BTH_II0744	ko:K03224
bte:BTH_II0745	ko:K03223
bte:BTH_II0747	ko:K03222
bte:BTH_II0748	ko:K18374
bte:BTH_II0749	ko:K18373
bte:BTH_II0750	ko:K03229
bte:BTH_II0751	ko:K03230
bte:BTH_II0752	ko:K18381
bte:BTH_II0753	ko:K03225
bte:BTH_II0754	ko:K03226
bte:BTH_II0755	ko:K03227
bte:BTH_II0756	ko:K18379
bte:BTH_II0758	ko:K03220
bte:BTH_II0761	ko:K18380
bte:BTH_II0766	ko:K07657
bte:BTH_II0767	ko:K03219
bte:BTH_II0768	ko:K02669
bte:BTH_II0777	ko:K03219
bte:BTH_II0784	ko:K12255
bte:BTH_II0789	ko:K15773
bte:BTH_II0791	ko:K20541
bte:BTH_II0792	ko:K20542
bte:BTH_II0793	ko:K20543
bte:BTH_II0797	ko:K00694
bte:BTH_II0799	ko:K03119
bte:BTH_II0800	ko:K15551
bte:BTH_II0801	ko:K10831
bte:BTH_II0802	ko:K15552
bte:BTH_II0804	ko:K20250
bte:BTH_II0805	ko:K19731
bte:BTH_II0806	ko:K09990
bte:BTH_II0807	ko:K03306
bte:BTH_II0809	ko:K03719
bte:BTH_II0811	ko:K08677
bte:BTH_II0813	ko:K29125
bte:BTH_II0815	ko:K03761
bte:BTH_II0816	ko:K20273
bte:BTH_II0823	ko:K22505
bte:BTH_II0824	ko:K22487
bte:BTH_II0825	ko:K03221
bte:BTH_II0826	ko:K22488
bte:BTH_II0828	ko:K22504
bte:BTH_II0829	ko:K22511
bte:BTH_II0830	ko:K03230
bte:BTH_II0831	ko:K22512
bte:BTH_II0832	ko:K22506
bte:BTH_II0835	ko:K03225
bte:BTH_II0836	ko:K22507
bte:BTH_II0837	ko:K22508
bte:BTH_II0838	ko:K22509
bte:BTH_II0839	ko:K22510
bte:BTH_II0841	ko:K13285
bte:BTH_II0842	ko:K13286
bte:BTH_II0843	ko:K03746
bte:BTH_II0844	ko:K13287
bte:BTH_II0846	ko:K02078
bte:BTH_II0848	ko:K13741
bte:BTH_II0849	ko:K13790
bte:BTH_II0855	ko:K11891
bte:BTH_II0856	ko:K11892
bte:BTH_II0857	ko:K11893
bte:BTH_II0863	ko:K11904
bte:BTH_II0864	ko:K11907
bte:BTH_II0865	ko:K11895
bte:BTH_II0866	ko:K11896
bte:BTH_II0867	ko:K11905
bte:BTH_II0868	ko:K11903
bte:BTH_II0869	ko:K11900
bte:BTH_II0870	ko:K11901
bte:BTH_II0873	ko:K11910
bte:BTH_II0877	ko:K11066
bte:BTH_II0879	ko:K07152
bte:BTH_II0881	ko:K00368
bte:BTH_II0886	ko:K01916
bte:BTH_II0889	ko:K02444
bte:BTH_II0892	ko:K09471
bte:BTH_II0896	ko:K05825
bte:BTH_II0898	ko:K26061
bte:BTH_II0899	ko:K03734
bte:BTH_II0900	ko:K00380
bte:BTH_II0903	ko:K02483
bte:BTH_II0904	ko:K02484
bte:BTH_II0905	ko:K03435
bte:BTH_II0906	ko:K23993
bte:BTH_II0907	ko:K00882
bte:BTH_II0908	ko:K02770
bte:BTH_II0910	ko:K08369
bte:BTH_II0916	ko:K04077
bte:BTH_II0917	ko:K07028
bte:BTH_II0918	ko:K00948
bte:BTH_II0919	ko:K01950
bte:BTH_II0922	ko:K00259
bte:BTH_II0924	ko:K13993
bte:BTH_II0927	ko:K01895
bte:BTH_II0928	ko:K00161
bte:BTH_II0929	ko:K00162
bte:BTH_II0930	ko:K00627
bte:BTH_II0933	ko:K11904
bte:BTH_II0938	ko:K02438
bte:BTH_II0939	ko:K00700
bte:BTH_II0940	ko:K00703
bte:BTH_II0941	ko:K00688
bte:BTH_II0943	ko:K00666
bte:BTH_II0944	ko:K00368
bte:BTH_II0945	ko:K04561
bte:BTH_II0947	ko:K00253
bte:BTH_II0948	ko:K01969
bte:BTH_II0949	ko:K13766
bte:BTH_II0950	ko:K01968
bte:BTH_II0957	ko:K21449
bte:BTH_II0958	ko:K03325
bte:BTH_II0959	ko:K03741
bte:BTH_II0961	ko:K03892
bte:BTH_II0965	ko:K00299
bte:BTH_II0966	ko:K02000
bte:BTH_II0967	ko:K02001
bte:BTH_II0968	ko:K21826
bte:BTH_II0969	ko:K02002
bte:BTH_II0971	ko:K00476
bte:BTH_II0972	ko:K22025
bte:BTH_II0973	ko:K22131
bte:BTH_II0975	ko:K22130
bte:BTH_II0976	ko:K21948
bte:BTH_II0977	ko:K08319
bte:BTH_II0979	ko:K20866
bte:BTH_II0981	ko:K18982
bte:BTH_II0982	ko:K00058
bte:BTH_II0984	ko:K21393
bte:BTH_II0985	ko:K11688
bte:BTH_II0987	ko:K00799
bte:BTH_II0990	ko:K09915
bte:BTH_II0995	ko:K01752
bte:BTH_II0996	ko:K00303
bte:BTH_II0997	ko:K00304
bte:BTH_II0998	ko:K00302
bte:BTH_II0999	ko:K00305
bte:BTH_II1000	ko:K01633
bte:BTH_II1001	ko:K02970
bte:BTH_II1002	ko:K03704
bte:BTH_II1009	ko:K07675
bte:BTH_II1010	ko:K28762
bte:BTH_II1031	ko:K03497
bte:BTH_II1040	ko:K09803
bte:BTH_II1042	ko:K07451
bte:BTH_II1043	ko:K07474
bte:BTH_II1057	ko:K26973
bte:BTH_II1059	ko:K26974
bte:BTH_II1060	ko:K26975
bte:BTH_II1061	ko:K26976
bte:BTH_II1062	ko:K26977
bte:BTH_II1066	ko:K08640
bte:BTH_II1068	ko:K06223
bte:BTH_II1072	ko:K00108
bte:BTH_II1073	ko:K00130
bte:BTH_II1074	ko:K02167
bte:BTH_II1075	ko:K18100
bte:BTH_II1076	ko:K18101
bte:BTH_II1077	ko:K03446
bte:BTH_II1079	ko:K12990
bte:BTH_II1081	ko:K03543
bte:BTH_II1082	ko:K07493
bte:BTH_II1083	ko:K01322
bte:BTH_II1085	ko:K22042
bte:BTH_II1086	ko:K07112
bte:BTH_II1087	ko:K07112
bte:BTH_II1096	ko:K03710
bte:BTH_II1098	ko:K01091
bte:BTH_II1101	ko:K01505
bte:BTH_II1106	ko:K01114
bte:BTH_II1109	ko:K02168
bte:BTH_II1111	ko:K13051
bte:BTH_II1112	ko:K13892
bte:BTH_II1113	ko:K13889
bte:BTH_II1114	ko:K13890
bte:BTH_II1115	ko:K13891
bte:BTH_II1117	ko:K16203
bte:BTH_II1118	ko:K00448
bte:BTH_II1119	ko:K00449
bte:BTH_II1120	ko:K02623
bte:BTH_II1124	ko:K01626
bte:BTH_II1129	ko:K16263
bte:BTH_II1130	ko:K03724
bte:BTH_II1134	ko:K00681
bte:BTH_II1135	ko:K12340
bte:BTH_II1138	ko:K13409
bte:BTH_II1140	ko:K13408
bte:BTH_II1142	ko:K22468
bte:BTH_II1144	ko:K01754
bte:BTH_II1155	ko:K00059
bte:BTH_II1156	ko:K18900
bte:BTH_II1157	ko:K25316
bte:BTH_II1159	ko:K02002
bte:BTH_II1166	ko:K22067
bte:BTH_II1167	ko:K07183
bte:BTH_II1168	ko:K02303
bte:BTH_II1169	ko:K02575
bte:BTH_II1170	ko:K00362
bte:BTH_II1171	ko:K00363
bte:BTH_II1172	ko:K00380
bte:BTH_II1173	ko:K00854
bte:BTH_II1175	ko:K10112
bte:BTH_II1176	ko:K05351
bte:BTH_II1177	ko:K02026
bte:BTH_II1178	ko:K02025
bte:BTH_II1179	ko:K02027
bte:BTH_II1184	ko:K15726
bte:BTH_II1186	ko:K15725
bte:BTH_II1193	ko:K07044
bte:BTH_II1194	ko:K26735
bte:BTH_II1196	ko:K02058
bte:BTH_II1197	ko:K03587
bte:BTH_II1198	ko:K03406
bte:BTH_II1199	ko:K07141
bte:BTH_II1201	ko:K07336
bte:BTH_II1202	ko:K07126
bte:BTH_II1203	ko:K16090
bte:BTH_II1204	ko:K00609
bte:BTH_II1205	ko:K16348
bte:BTH_II1208	ko:K00375
bte:BTH_II1220	ko:K02624
bte:BTH_II1221	ko:K08172
bte:BTH_II1222	ko:K00457
bte:BTH_II1224	ko:K15650
bte:BTH_II1227	ko:K13061
bte:BTH_II1229	ko:K26731
bte:BTH_II1232	ko:K01414
bte:BTH_II1244	ko:K01420
bte:BTH_II1249	ko:K00370
bte:BTH_II1250	ko:K00371
bte:BTH_II1251	ko:K00373
bte:BTH_II1252	ko:K00374
bte:BTH_II1253	ko:K03769
bte:BTH_II1254	ko:K02575
bte:BTH_II1257	ko:K00797
bte:BTH_II1258	ko:K02784
bte:BTH_II1261	ko:K12137
bte:BTH_II1263	ko:K12140
bte:BTH_II1264	ko:K12141
bte:BTH_II1271	ko:K00878
bte:BTH_II1273	ko:K00219
bte:BTH_II1281	ko:K11752
bte:BTH_II1282	ko:K20333
bte:BTH_II1284	ko:K20332
bte:BTH_II1285	ko:K01497
bte:BTH_II1286	ko:K18139
bte:BTH_II1287	ko:K18307
bte:BTH_II1288	ko:K18306
bte:BTH_II1291	ko:K25183
bte:BTH_II1292	ko:K25182
bte:BTH_II1293	ko:K25182
bte:BTH_II1294	ko:K25181
bte:BTH_II1295	ko:K25180
bte:BTH_II1298	ko:K03798
bte:BTH_II1301	ko:K03574
bte:BTH_II1303	ko:K00560
bte:BTH_II1305	ko:K00941
bte:BTH_II1306	ko:K10811
bte:BTH_II1309	ko:K01537
bte:BTH_II1311	ko:K01535
bte:BTH_II1313	ko:K24956
bte:BTH_II1314	ko:K14415
bte:BTH_II1323	ko:K03607
bte:BTH_II1324	ko:K03746
bte:BTH_II1325	ko:K06905
bte:BTH_II1326	ko:K06906
bte:BTH_II1330	ko:K06908
bte:BTH_II1331	ko:K06907
bte:BTH_II1336	ko:K06903
bte:BTH_II1338	ko:K00571
bte:BTH_II1354	ko:K09803
bte:BTH_II1360	ko:K03496
bte:BTH_II1364	ko:K00558
bte:BTH_II1369	ko:K19055
bte:BTH_II1371	ko:K09129
bte:BTH_II1373	ko:K15725
bte:BTH_II1374	ko:K15727
bte:BTH_II1375	ko:K15726
bte:BTH_II1376	ko:K07665
bte:BTH_II1377	ko:K07644
bte:BTH_II1381	ko:K02014
bte:BTH_II1382	ko:K07165
bte:BTH_II1383	ko:K23514
bte:BTH_II1387	ko:K03088
bte:BTH_II1389	ko:K16165
bte:BTH_II1390	ko:K07052
bte:BTH_II1391	ko:K05595
bte:BTH_II1392	ko:K01912
bte:BTH_II1393	ko:K07300
bte:BTH_II1395	ko:K07168
bte:BTH_II1397	ko:K03281
bte:BTH_II1407	ko:K00790
bte:BTH_II1408	ko:K10017
bte:BTH_II1409	ko:K10015
bte:BTH_II1410	ko:K10016
bte:BTH_II1413	ko:K15977
bte:BTH_II1415	ko:K19813
bte:BTH_II1416	ko:K23274
bte:BTH_II1417	ko:K14645
bte:BTH_II1418	ko:K01531
bte:BTH_II1423	ko:K08994
bte:BTH_II1425	ko:K03322
bte:BTH_II1426	ko:K01569
bte:BTH_II1427	ko:K02035
bte:BTH_II1428	ko:K07394
bte:BTH_II1429	ko:K12685
bte:BTH_II1436	ko:K11904
bte:BTH_II1441	ko:K08641
bte:BTH_II1442	ko:K02035
bte:BTH_II1443	ko:K02033
bte:BTH_II1444	ko:K02034
bte:BTH_II1445	ko:K02031
bte:BTH_II1446	ko:K02032
bte:BTH_II1449	ko:K03566
bte:BTH_II1450	ko:K17836
bte:BTH_II1451	ko:K06194
bte:BTH_II1457	ko:K19743
bte:BTH_II1458	ko:K01607
bte:BTH_II1460	ko:K10716
bte:BTH_II1464	ko:K05874
bte:BTH_II1469	ko:K15553
bte:BTH_II1473	ko:K07044
bte:BTH_II1476	ko:K01426
bte:BTH_II1479	ko:K09957
bte:BTH_II1481	ko:K00675
bte:BTH_II1484	ko:K01761
bte:BTH_II1485	ko:K03719
bte:BTH_II1486	ko:K01426
bte:BTH_II1490	ko:K28762
bte:BTH_II1491	ko:K00529
bte:BTH_II1494	ko:K06989
bte:BTH_II1495	ko:K01652
bte:BTH_II1503	ko:K05710
bte:BTH_II1507	ko:K09019
bte:BTH_II1508	ko:K07098
bte:BTH_II1509	ko:K07507
bte:BTH_II1510	ko:K19666
bte:BTH_II1512	ko:K13061
bte:BTH_II1514	ko:K01497
bte:BTH_II1517	ko:K06140
bte:BTH_II1528	ko:K07493
bte:BTH_II1531	ko:K11904
bte:BTH_II1536	ko:K12256
bte:BTH_II1537	ko:K00146
bte:BTH_II1539	ko:K00059
bte:BTH_II1542	ko:K07396
bte:BTH_II1544	ko:K02407
bte:BTH_II1546	ko:K06016
bte:BTH_II1548	ko:K01999
bte:BTH_II1549	ko:K03566
bte:BTH_II1550	ko:K10844
bte:BTH_II1554	ko:K28747
bte:BTH_II1556	ko:K07044
bte:BTH_II1558	ko:K03746
bte:BTH_II1560	ko:K03293
bte:BTH_II1565	ko:K18369
bte:BTH_II1578	ko:K01387
bte:BTH_II1579	ko:K03286
bte:BTH_II1583	ko:K06894
bte:BTH_II1584	ko:K05367
bte:BTH_II1586	ko:K03410
bte:BTH_II1587	ko:K03413
bte:BTH_II1588	ko:K02482
bte:BTH_II1593	ko:K00832
bte:BTH_II1594	ko:K11734
bte:BTH_II1595	ko:K03719
bte:BTH_II1597	ko:K11068
bte:BTH_II1598	ko:K01999
bte:BTH_II1601	ko:K29028
bte:BTH_II1602	ko:K18333
bte:BTH_II1603	ko:K18336
bte:BTH_II1604	ko:K18335
bte:BTH_II1605	ko:K07046
bte:BTH_II1606	ko:K16850
bte:BTH_II1608	ko:K02057
bte:BTH_II1609	ko:K02056
bte:BTH_II1610	ko:K10439
bte:BTH_II1612	ko:K13639
bte:BTH_II1614	ko:K14228
bte:BTH_II1617	ko:K00024
bte:BTH_II1618	ko:K00404
bte:BTH_II1619	ko:K00405
bte:BTH_II1621	ko:K17686
bte:BTH_II1624	ko:K06995
bte:BTH_II1625	ko:K13874
bte:BTH_II1626	ko:K10538
bte:BTH_II1627	ko:K10539
bte:BTH_II1628	ko:K10537
bte:BTH_II1629	ko:K13873
bte:BTH_II1630	ko:K13876
bte:BTH_II1631	ko:K13877
bte:BTH_II1632	ko:K13875
bte:BTH_II1636	ko:K01114
bte:BTH_II1639	ko:K01485
bte:BTH_II1641	ko:K10974
bte:BTH_II1643	ko:K03285
bte:BTH_II1654	ko:K06194
bte:BTH_II1655	ko:K10001
bte:BTH_II1656	ko:K07485
bte:BTH_II1657	ko:K00140
bte:BTH_II1658	ko:K00822
bte:BTH_II1659	ko:K21699
bte:BTH_II1661	ko:K05913
bte:BTH_II1663	ko:K04090
bte:BTH_II1665	ko:K13613
bte:BTH_II1668	ko:K15313
bte:BTH_II1669	ko:K15312
bte:BTH_II1670	ko:K15311
bte:BTH_II1671	ko:K00646
bte:BTH_II1672	ko:K15337
bte:BTH_II1673	ko:K13611
bte:BTH_II1675	ko:K15329
bte:BTH_II1676	ko:K06133
bte:BTH_II1679	ko:K01962
bte:BTH_II1684	ko:K03406
bte:BTH_II1686	ko:K20034
bte:BTH_II1692	ko:K07005
bte:BTH_II1693	ko:K00375
bte:BTH_II1695	ko:K04064
bte:BTH_II1698	ko:K00208
bte:BTH_II1702	ko:K16137
bte:BTH_II1703	ko:K09136
bte:BTH_II1709	ko:K03636
bte:BTH_II1710	ko:K00612
bte:BTH_II1712	ko:K18911
bte:BTH_II1715	ko:K01775
bte:BTH_II1722	ko:K07140
bte:BTH_II1723	ko:K07649
bte:BTH_II1724	ko:K07774
bte:BTH_II1725	ko:K02012
bte:BTH_II1726	ko:K02011
bte:BTH_II1727	ko:K02010
bte:BTH_II1729	ko:K02510
bte:BTH_II1730	ko:K02509
bte:BTH_II1731	ko:K01826
bte:BTH_II1732	ko:K00455
bte:BTH_II1733	ko:K00151
bte:BTH_II1734	ko:K05921
bte:BTH_II1735	ko:K05921
bte:BTH_II1739	ko:K02483
bte:BTH_II1740	ko:K02484
bte:BTH_II1741	ko:K20938
bte:BTH_II1746	ko:K07302
bte:BTH_II1747	ko:K07303
bte:BTH_II1749	ko:K01953
bte:BTH_II1752	ko:K01194
bte:BTH_II1754	ko:K09927
bte:BTH_II1760	ko:K13633
bte:BTH_II1765	ko:K02483
bte:BTH_II1766	ko:K02484
bte:BTH_II1768	ko:K00799
bte:BTH_II1769	ko:K04750
bte:BTH_II1780	ko:K03569
bte:BTH_II1781	ko:K07001
bte:BTH_II1782	ko:K02484
bte:BTH_II1783	ko:K02483
bte:BTH_II1788	ko:K01425
bte:BTH_II1789	ko:K01166
bte:BTH_II1790	ko:K17228
bte:BTH_II1791	ko:K13888
bte:BTH_II1792	ko:K05685
bte:BTH_II1793	ko:K18139
bte:BTH_II1797	ko:K01897
bte:BTH_II1800	ko:K00020
bte:BTH_II1801	ko:K00140
bte:BTH_II1802	ko:K01895
bte:BTH_II1805	ko:K07403
bte:BTH_II1809	ko:K07044
bte:BTH_II1814	ko:K06901
bte:BTH_II1819	ko:K21405
bte:BTH_II1823	ko:K16088
bte:BTH_II1824	ko:K06147
bte:BTH_II1826	ko:K12241
bte:BTH_II1827	ko:K12240
bte:BTH_II1828	ko:K12239
bte:BTH_II1829	ko:K12243
bte:BTH_II1830	ko:K12238
bte:BTH_II1831	ko:K12242
bte:BTH_II1832	ko:K04782
bte:BTH_II1833	ko:K01851
bte:BTH_II1834	ko:K08642
bte:BTH_II1835	ko:K01996
bte:BTH_II1836	ko:K01995
bte:BTH_II1837	ko:K01998
bte:BTH_II1838	ko:K01997
bte:BTH_II1839	ko:K01999
bte:BTH_II1840	ko:K26064
bte:BTH_II1846	ko:K27492
bte:BTH_II1847	ko:K17735
bte:BTH_II1848	ko:K27837
bte:BTH_II1849	ko:K02002
bte:BTH_II1850	ko:K17736
bte:BTH_II1851	ko:K20274
bte:BTH_II1852	ko:K05994
bte:BTH_II1853	ko:K08720
bte:BTH_II1854	ko:K02002
bte:BTH_II1855	ko:K01133
bte:BTH_II1857	ko:K01433
bte:BTH_II1859	ko:K02002
bte:BTH_II1860	ko:K21832
bte:BTH_II1861	ko:K00479
bte:BTH_II1862	ko:K25961
bte:BTH_II1863	ko:K25960
bte:BTH_II1864	ko:K21834
bte:BTH_II1865	ko:K21833
bte:BTH_II1867	ko:K01273
bte:BTH_II1868	ko:K00600
bte:BTH_II1869	ko:K21826
bte:BTH_II1870	ko:K00148
bte:BTH_II1871	ko:K02529
bte:BTH_II1872	ko:K00692
bte:BTH_II1873	ko:K03332
bte:BTH_II1875	ko:K03543
bte:BTH_II1877	ko:K12990
bte:BTH_II1879	ko:K03446
bte:BTH_II1880	ko:K18101
bte:BTH_II1881	ko:K18100
bte:BTH_II1885	ko:K11891
bte:BTH_II1886	ko:K11892
bte:BTH_II1887	ko:K11893
bte:BTH_II1888	ko:K11906
bte:BTH_II1893	ko:K11904
bte:BTH_II1894	ko:K11904
bte:BTH_II1895	ko:K11907
bte:BTH_II1896	ko:K11895
bte:BTH_II1897	ko:K11896
bte:BTH_II1898	ko:K11897
bte:BTH_II1899	ko:K11903
bte:BTH_II1900	ko:K11900
bte:BTH_II1901	ko:K11901
bte:BTH_II1902	ko:K11902
bte:BTH_II1903	ko:K18118
bte:BTH_II1908	ko:K01841
bte:BTH_II1909	ko:K09459
bte:BTH_II1910	ko:K03430
bte:BTH_II1915	ko:K07552
bte:BTH_II1916	ko:K00375
bte:BTH_II1926	ko:K24119
bte:BTH_II1927	ko:K03387
bte:BTH_II1931	ko:K20257
bte:BTH_II1932	ko:K00648
bte:BTH_II1935	ko:K08295
bte:BTH_II1936	ko:K00525
bte:BTH_II1938	ko:K04077
bte:BTH_II1939	ko:K04078
bte:BTH_II1941	ko:K01480
bte:BTH_II1942	ko:K09472
bte:BTH_II1945	ko:K07010
bte:BTH_II1946	ko:K01915
bte:BTH_II1947	ko:K12256
bte:BTH_II1948	ko:K11073
bte:BTH_II1949	ko:K11076
bte:BTH_II1950	ko:K11075
bte:BTH_II1951	ko:K11074
bte:BTH_II1954	ko:K09471
bte:BTH_II1955	ko:K03406
bte:BTH_II1956	ko:K07245
bte:BTH_II1957	ko:K07156
bte:BTH_II1959	ko:K22348
bte:BTH_II1963	ko:K02347
bte:BTH_II1964	ko:K07262
bte:BTH_II1969	ko:K06911
bte:BTH_II1973	ko:K19689
bte:BTH_II1978	ko:K02843
bte:BTH_II1982	ko:K12452
bte:BTH_II1983	ko:K01709
bte:BTH_II1984	ko:K00978
bte:BTH_II1989	ko:K01652
bte:BTH_II1996	ko:K14059
bte:BTH_II2003	ko:K14060
bte:BTH_II2004	ko:K01939
bte:BTH_II2006	ko:K07733
bte:BTH_II2008	ko:K06919
bte:BTH_II2010	ko:K03746
bte:BTH_II2014	ko:K14233
bte:BTH_II2015	ko:K14393
bte:BTH_II2017	ko:K01895
bte:BTH_II2020	ko:K01676
bte:BTH_II2021	ko:K03594
bte:BTH_II2022	ko:K01776
bte:BTH_II2023	ko:K02192
bte:BTH_II2024	ko:K03832
bte:BTH_II2025	ko:K03561
bte:BTH_II2026	ko:K03559
bte:BTH_II2028	ko:K06911
bte:BTH_II2031	ko:K11477
bte:BTH_II2033	ko:K07243
bte:BTH_II2035	ko:K07230
bte:BTH_II2036	ko:K03702
bte:BTH_II2037	ko:K00832
bte:BTH_II2038	ko:K00019
bte:BTH_II2040	ko:K07115
bte:BTH_II2041	ko:K19591
bte:BTH_II2043	ko:K01985
bte:BTH_II2044	ko:K01980
bte:BTH_II2045	ko:K14218
bte:BTH_II2046	ko:K14227
bte:BTH_II2047	ko:K01977
bte:BTH_II2049	ko:K00206
bte:BTH_II2050	ko:K19670
bte:BTH_II2051	ko:K11082
bte:BTH_II2052	ko:K11083
bte:BTH_II2053	ko:K11084
bte:BTH_II2054	ko:K11081
bte:BTH_II2055	ko:K03430
bte:BTH_II2056	ko:K08194
bte:BTH_II2057	ko:K25901
bte:BTH_II2058	ko:K03786
bte:BTH_II2059	ko:K26400
bte:BTH_II2060	ko:K03303
bte:BTH_II2061	ko:K01638
bte:BTH_II2064	ko:K22549
bte:BTH_II2065	ko:K22550
bte:BTH_II2066	ko:K21061
bte:BTH_II2067	ko:K12658
bte:BTH_II2068	ko:K21062
bte:BTH_II2070	ko:K13877
bte:BTH_II2071	ko:K13609
bte:BTH_II2072	ko:K03762
bte:BTH_II2073	ko:K08166
bte:BTH_II2074	ko:K15977
bte:BTH_II2077	ko:K03303
bte:BTH_II2078	ko:K00782
bte:BTH_II2079	ko:K18929
bte:BTH_II2080	ko:K18928
bte:BTH_II2085	ko:K20938
bte:BTH_II2086	ko:K02073
bte:BTH_II2092	ko:K00137
bte:BTH_II2094	ko:K00053
bte:BTH_II2095	ko:K01586
bte:BTH_II2098	ko:K15327
bte:BTH_II2100	ko:K24180
bte:BTH_II2103	ko:K03309
bte:BTH_II2104	ko:K18903
bte:BTH_II2105	ko:K18902
bte:BTH_II2106	ko:K18901
bte:BTH_II2108	ko:K18900
bte:BTH_II2114	ko:K01821
bte:BTH_II2116	ko:K01008
bte:BTH_II2118	ko:K00375
bte:BTH_II2119	ko:K00823
bte:BTH_II2120	ko:K00135
bte:BTH_II2125	ko:K03776
bte:BTH_II2126	ko:K07823
bte:BTH_II2127	ko:K02624
bte:BTH_II2128	ko:K09017
bte:BTH_II2130	ko:K14057
bte:BTH_II2131	ko:K10013
bte:BTH_II2133	ko:K06987
bte:BTH_II2134	ko:K02073
bte:BTH_II2139	ko:K16087
bte:BTH_II2140	ko:K07225
bte:BTH_II2141	ko:K25132
bte:BTH_II2142	ko:K25133
bte:BTH_II2143	ko:K10834
bte:BTH_II2145	ko:K05366
bte:BTH_II2146	ko:K05596
bte:BTH_II2147	ko:K01620
bte:BTH_II2148	ko:K00425
bte:BTH_II2149	ko:K00426
bte:BTH_II2152	ko:K10680
bte:BTH_II2153	ko:K06222
bte:BTH_II2154	ko:K19577
bte:BTH_II2156	ko:K00801
bte:BTH_II2162	ko:K00130
bte:BTH_II2163	ko:K20941
bte:BTH_II2168	ko:K17686
bte:BTH_II2176	ko:K07507
bte:BTH_II2180	ko:K05874
bte:BTH_II2186	ko:K09788
bte:BTH_II2187	ko:K20455
bte:BTH_II2188	ko:K01659
bte:BTH_II2189	ko:K03417
bte:BTH_II2190	ko:K02688
bte:BTH_II2191	ko:K03406
bte:BTH_II2193	ko:K01259
bte:BTH_II2196	ko:K01740
bte:BTH_II2199	ko:K08973
bte:BTH_II2200	ko:K18336
bte:BTH_II2204	ko:K21801
bte:BTH_II2207	ko:K03746
bte:BTH_II2215	ko:K10823
bte:BTH_II2216	ko:K15583
bte:BTH_II2217	ko:K15582
bte:BTH_II2218	ko:K15581
bte:BTH_II2219	ko:K15580
bte:BTH_II2221	ko:K03305
bte:BTH_II2226	ko:K01644
bte:BTH_II2231	ko:K08369
bte:BTH_II2235	ko:K01644
bte:BTH_II2237	ko:K01720
bte:BTH_II2239	ko:K05786
bte:BTH_II2240	ko:K01512
bte:BTH_II2241	ko:K00091
bte:BTH_II2243	ko:K03527
bte:BTH_II2249	ko:K01845
bte:BTH_II2252	ko:K06200
bte:BTH_II2260	ko:K20534
bte:BTH_II2263	ko:K02651
bte:BTH_II2264	ko:K02651
bte:BTH_II2265	ko:K02278
bte:BTH_II2267	ko:K02279
bte:BTH_II2268	ko:K02280
bte:BTH_II2271	ko:K12513
bte:BTH_II2272	ko:K12513
bte:BTH_II2273	ko:K02282
bte:BTH_II2274	ko:K02283
bte:BTH_II2275	ko:K12510
bte:BTH_II2276	ko:K12511
bte:BTH_II2279	ko:K03719
bte:BTH_II2280	ko:K00832
bte:BTH_II2281	ko:K09022
bte:BTH_II2294	ko:K00020
bte:BTH_II2295	ko:K28525
bte:BTH_II2296	ko:K06133
bte:BTH_II2301	ko:K00382
bte:BTH_II2302	ko:K09699
bte:BTH_II2303	ko:K00167
bte:BTH_II2304	ko:K00166
bte:BTH_II2309	ko:K03333
bte:BTH_II2313	ko:K00525
bte:BTH_II2314	ko:K07028
bte:BTH_II2321	ko:K13993
bte:BTH_II2324	ko:K05366
bte:BTH_II2331	ko:K01426
bte:BTH_II2334	ko:K02480
bte:BTH_II2336	ko:K07323
bte:BTH_II2339	ko:K01046
bte:BTH_II2344	ko:K02004
bte:BTH_II2345	ko:K02003
bte:BTH_II2350	ko:K07003
bte:BTH_II2351	ko:K04754
bte:BTH_II2352	ko:K01607
bte:BTH_II2355	ko:K10038
bte:BTH_II2356	ko:K10037
bte:BTH_II2357	ko:K10036
bte:BTH_II2359	ko:K06045
bte:BTH_II2361	ko:K21678
bte:BTH_II2364	ko:K03410
bte:BTH_II2367	ko:K19784
bte:BTH_II2368	ko:K03088
bte:BTH_II2370	ko:K00537
bte:BTH_II2371	ko:K03496
bte:BTH_II2372	ko:K03497
